example_project/CTD/in2018_v01_002.ros
* Sea-Bird SBE 9 Data File:
* FileName = D:\lowered_ctd\in2018_v01\seasave\in2018_v01_001\in2018_v01_002.hex
* Software Version Seasave V 7.26.7.107
* Temperature SN = 6189
* Conductivity SN = 4685
* Number of Bytes Per Scan = 37
* Number of Voltage Words = 4
* Number of Scans Averaged by the Deck Unit = 1
* NMEA Latitude = 44 02.98 S
* NMEA Longitude = 146 17.41 E
* NMEA UTC (Time) = Jan 11 2018 11:12:11
** Operator:
** CTD config:
** Ship: Investigator
** Cruise: in2018_v01
** Station:  in2018_v01_002
** Latitude:  -44 02.986
** Longitude:  146 17.403
** Depth:  0555
# nquan = 27
# nvalues = 5220                                  
# units = specified
# name 0 = t090C: Temperature [ITS-90, deg C]
# name 1 = t190C: Temperature, 2 [ITS-90, deg C]
# name 2 = c0S/m: Conductivity [S/m]
# name 3 = c1S/m: Conductivity, 2 [S/m]
# name 4 = prDM: Pressure, Digiquartz [db]
# name 5 = sbeox0Mm/L: Oxygen, SBE 43 [umol/l]
# name 6 = sbeox1Mm/L: Oxygen, SBE 43, 2 [umol/l]
# name 7 = CStarTr0: Beam Transmission, WET Labs C-Star [%]
# name 8 = par: PAR/Irradiance, Biospherical/Licor [umol photons/m^2/sec]
# name 9 = sal00: Salinity, Practical [PSU]
# name 10 = sal11: Salinity, Practical, 2 [PSU]
# name 11 = scan: Scan Count
# name 12 = timeS: Time, Elapsed [seconds]
# name 13 = nbf: Bottles Fired
# name 14 = bpos: Bottle Position in Carousel
# name 15 = altM: Altimeter [m]
# name 16 = latitude: Latitude [deg]
# name 17 = longitude: Longitude [deg]
# name 18 = ptempC: Pressure Temperature [deg C]
# name 19 = pumps: Pump Status
# name 20 = svCM: Sound Velocity [Chen-Millero, m/s]
# name 21 = depSM: Depth [salt water, m]
# name 22 = flECO-AFL: Fluorescence, WET Labs ECO-AFL/FL [mg/m^3]
# name 23 = turbWETbb0: Turbidity, WET Labs ECO BB [m^-1/sr]
# name 24 = ptempC: Pressure Temperature [deg C]
# name 25 = pumps: Pump Status
# name 26 = flag:  0.000e+00
# interval = seconds: 0.0416667
# start_time = Jan 11 2018 11:12:11 [NMEA time, header]
# bad_flag = -9.990e-29
*END*
[from data line 1558]
     9.7605     9.7853   3.781168   3.783662    418.531    238.474    236.238    99.5238 1.0000e-12    34.7545    34.7562      81964   3415.125         11         11     100.00  -44.04942  146.28966      16.23          1    1495.57    414.751     0.0610 1.4480e-04      16.23          1  0.000e+00
     9.7658     9.7854   3.781281   3.783674    418.572    238.257    236.266    99.5238 1.0000e-12    34.7506    34.7563      81965   3415.167         11         11     100.00  -44.04942  146.28966      16.23          1    1495.58    414.791     0.0610 1.4480e-04      16.23          1  0.000e+00
     9.7707     9.7855   3.781551   3.783750    418.586    238.209    236.295    99.4978 1.0000e-12    34.7486    34.7570      81966   3415.208         11         11     100.00  -44.04942  146.28966      16.23          1    1495.60    414.805     0.0610 1.4480e-04      16.23          1  0.000e+00
     9.7743     9.7857   3.781897   3.783718    418.586    238.166    236.328    99.4978 1.0000e-12    34.7487    34.7564      81967   3415.250         11         11     100.00  -44.04942  146.28966      16.23          1    1495.61    414.805     0.0537 1.4303e-04      16.23          1  0.000e+00
     9.7758     9.7859   3.782204   3.783706    418.634    238.135    236.365    99.4978 1.0000e-12    34.7504    34.7560      81968   3415.292         11         11     100.00  -44.04942  146.28966      16.23          1    1495.62    414.852     0.0610 1.4480e-04      16.23          1  0.000e+00
     9.7779     9.7858   3.782487   3.783706    418.573    238.292    236.365    99.4978 1.0000e-12    34.7513    34.7562      81969   3415.333         11         11     100.00  -44.04942  146.28966      16.23          1    1495.63    414.791     0.0610 1.4480e-04      16.23          1  0.000e+00
     9.7807     9.7858   3.782732   3.783706    418.586    238.086    236.369    99.5238 1.0000e-12    34.7511    34.7561      81970   3415.375         11         11     100.00  -44.04942  146.28966      16.23          1    1495.64    414.805     0.0610 1.4480e-04      16.23          1  0.000e+00
     9.7828     9.7858   3.782965   3.783681    418.586    238.053    236.412    99.5498 1.0000e-12    34.7514    34.7559      81971   3415.417         11         11     100.00  -44.04942  146.28966      16.23          1    1495.64    414.805     0.0610 1.4480e-04      16.23          1  0.000e+00
     9.7842     9.7857   3.783147   3.783750    418.573    238.243    236.418    99.5498 1.0000e-12    34.7520    34.7567      81972   3415.458         11         11     100.00  -44.04942  146.28966      16.23          1    1495.65    414.791     0.0610 1.4303e-04      16.23          1  0.000e+00
     9.7850     9.7859   3.783241   3.783750    418.531    238.242    236.425    99.5498 1.0000e-12    34.7522    34.7565      81973   3415.500         11         11     100.00  -44.04942  146.28966      16.23          1    1495.65    414.751     0.0610 1.4303e-04      16.23          1  0.000e+00
     9.7827     9.7834   3.783304   3.783461    418.586    238.063    236.452    99.5498 1.0000e-12    34.7551    34.7560      81974   3415.542         11         11     100.00  -44.04942  146.28966      16.23          1    1495.65    414.805     0.0610 1.4303e-04      16.23          1  0.000e+00
     9.7805     9.7776   3.783335   3.782771    418.586    238.272    236.497    99.5498 1.0000e-12    34.7575    34.7545      81975   3415.583         11         11     100.00  -44.04942  146.28966      16.23          1    1495.64    414.805     0.0610 1.4303e-04      16.23          1  0.000e+00
     9.7786     9.7714   3.783248   3.782006    418.573    238.287    236.546    99.5498 1.0000e-12    34.7584    34.7526      81976   3415.625         11         11     100.00  -44.04942  146.28966      16.23          1    1495.64    414.791     0.0610 1.4480e-04      16.23          1  0.000e+00
     9.7755     9.7665   3.783097   3.781511    418.532    238.114    236.587    99.5498 1.0000e-12    34.7599    34.7522      81977   3415.667         11         11     100.00  -44.04942  146.28966      16.23          1    1495.63    414.751     0.0610 1.4480e-04      16.23          1  0.000e+00
     9.7718     9.7632   3.782827   3.781266    418.532    238.117    236.620    99.5498 1.0000e-12    34.7606    34.7529      81978   3415.708         11         11     100.00  -44.04942  146.28966      16.23          1    1495.61    414.751     0.0610 1.4480e-04      16.23          1  0.000e+00
     9.7687     9.7618   3.782456   3.781241    418.573    238.340    236.645    99.5498 1.0000e-12    34.7598    34.7540      81979   3415.750         11         11     100.00  -44.04942  146.28966      16.23          1    1495.60    414.792     0.0610 1.4480e-04      16.23          1  0.000e+00
     9.7656     9.7623   3.782186   3.781329    418.532    238.171    236.661    99.5757 1.0000e-12    34.7600    34.7545      81980   3415.792         11         11     100.00  -44.04942  146.28966      16.23          1    1495.59    414.751     0.0610 1.4480e-04      16.23          1  0.000e+00
     9.7633     9.7636   3.781922   3.781498    418.532    238.172    236.674    99.5498 1.0000e-12    34.7595    34.7549      81981   3415.833         11         11     100.00  -44.04942  146.28966      16.23          1    1495.58    414.751     0.0610 1.3950e-04      16.23          1  0.000e+00
     9.7615     9.7655   3.781702   3.781799    418.532    238.364    236.685    99.5498 1.0000e-12    34.7590    34.7562      81982   3415.875         11         11     100.00  -44.04942  146.28966      16.23          1    1495.58    414.751     0.0683 1.3420e-04      16.23          1  0.000e+00
     9.7592     9.7684   3.781400   3.782107    418.470    238.195    236.691    99.5498 1.0000e-12    34.7581    34.7566      81983   3415.917         11         11     100.00  -44.04942  146.28966      16.23          1    1495.57    414.690     0.0683 1.3243e-04      16.23          1  0.000e+00
     9.7582     9.7704   3.781149   3.782332    418.484    238.192    236.668    99.5498 1.0000e-12    34.7565    34.7569      81984   3415.958         11         11     100.00  -44.04942  146.28966      16.23          1    1495.56    414.703     0.0683 1.3420e-04      16.23          1  0.000e+00
     9.7576     9.7721   3.780992   3.782527    418.484    238.406    236.684    99.5498 1.0000e-12    34.7555    34.7573      81985   3416.000         11         11     100.00  -44.04942  146.28966      16.23          1    1495.56    414.703     0.0683 1.3420e-04      16.23          1  0.000e+00
     9.7569     9.7737   3.780885   3.782602    418.470    238.230    236.704    99.5498 1.0000e-12    34.7551    34.7565      81986   3416.042         11         11     100.00  -44.04942  146.28966      16.23          1    1495.55    414.690     0.0683 1.3420e-04      16.23          1  0.000e+00
     9.7561     9.7737   3.780785   3.782483    418.484    238.228    236.735    99.5498 1.0000e-12    34.7548    34.7553      81987   3416.083         11         11     100.00  -44.04942  146.28966      16.23          1    1495.55    414.703     0.0683 1.3420e-04      16.23          1  0.000e+00
     9.7555     9.7713   3.780735   3.782119    418.484    238.442    236.780    99.5498 1.0000e-12    34.7549    34.7539      81988   3416.125         11         11     100.00  -44.04942  146.28966      16.23          1    1495.55    414.703     0.0683 1.3420e-04      16.23          1  0.000e+00
     9.7555     9.7679   3.780678   3.781686    418.429    238.459    236.830    99.5498 1.0000e-12    34.7544    34.7528      81989   3416.167         11         11     100.00  -44.04942  146.28966      16.23          1    1495.55    414.649     0.0683 1.3420e-04      16.23          1  0.000e+00
     9.7550     9.7654   3.780609   3.781410    418.422    238.480    236.878    99.5498 1.0000e-12    34.7542    34.7524      81990   3416.208         11         11     100.00  -44.04942  146.28966      16.23          1    1495.54    414.642     0.0683 1.3420e-04      16.23          1  0.000e+00
     9.7546     9.7629   3.780596   3.781203    418.429    238.305    236.926    99.5498 1.0000e-12    34.7543    34.7526      81991   3416.250         11         11     100.00  -44.04942  146.28966      16.23          1    1495.54    414.649     0.0683 1.3420e-04      16.23          1  0.000e+00
     9.7545     9.7607   3.780540   3.780953    418.429    238.496    236.937    99.5498 1.0000e-12    34.7539    34.7522      81992   3416.292         11         11     100.00  -44.04942  146.28966      16.23          1    1495.54    414.649     0.0683 1.3420e-04      16.23          1  0.000e+00
     9.7538     9.7598   3.780527   3.780890    418.374    238.515    236.976    99.5498 1.0000e-12    34.7545    34.7524      81993   3416.333         11         11     100.00  -44.04942  146.28966      16.23          1    1495.54    414.595     0.0683 1.3420e-04      16.23          1  0.000e+00
     9.7533     9.7586   3.780452   3.780815    418.381    238.537    236.982    99.5498 1.0000e-12    34.7542    34.7528      81994   3416.375         11         11     100.00  -44.04942  146.28966      16.23          1    1495.54    414.602     0.0683 1.3420e-04      16.23          1  0.000e+00
     9.7529     9.7583   3.780433   3.780758    418.381    238.558    236.984    99.5498 1.0000e-12    34.7544    34.7525      81995   3416.417         11         11     100.00  -44.04942  146.28966      16.23          1    1495.54    414.602     0.0683 1.3420e-04      16.23          1  0.000e+00
     9.7525     9.7574   3.780376   3.780777    418.381    238.578    236.987    99.5498 1.0000e-12    34.7541    34.7535      81996   3416.458         11         11     100.00  -44.04942  146.28966      16.23          1    1495.53    414.602     0.0683 1.3420e-04      16.23          1  0.000e+00
     9.7525     9.7575   3.780364   3.780758    418.374    238.597    237.204    99.5498 1.0000e-12    34.7540    34.7533      81997   3416.500         11         11     100.00  -44.04942  146.28966      16.23          1    1495.53    414.595     0.0683 1.3420e-04      16.23          1  0.000e+00
     9.7520     9.7574   3.780339   3.780777    418.278    238.615    237.235    99.5498 1.0000e-12    34.7543    34.7536      81998   3416.542         11         11     100.00  -44.04942  146.28966      16.23          1    1495.53    414.500     0.0683 1.3420e-04      16.23          1  0.000e+00
     9.7520     9.7577   3.780301   3.780790    418.381    238.637    237.271    99.5498 1.0000e-12    34.7539    34.7534      81999   3416.583         11         11      75.56  -44.04942  146.28966      16.23          1    1495.53    414.602     0.0683 1.3420e-04      16.23          1  0.000e+00
     9.7520     9.7576   3.780270   3.780758    418.271    238.653    237.300    99.5498 1.0000e-12    34.7536    34.7532      82000   3416.625         11         11      41.76  -44.04942  146.28966      16.23          1    1495.53    414.493     0.0683 1.3420e-04      16.23          1  0.000e+00
     9.7710     9.7787   3.782387   3.783066    418.338    239.068    236.728    99.5238 1.0000e-12    34.7570    34.7566      82391   3432.917         12         12      85.64  -44.04940  146.28964      16.20          1    1495.60    414.560     0.0390 1.3596e-04      16.20          1  0.000e+00
     9.7712     9.7786   3.782368   3.783022    418.386    239.053    236.760    99.5238 1.0000e-12    34.7566    34.7562      82392   3432.958         12         12     100.00  -44.04940  146.28964      16.20          1    1495.61    414.607     0.0390 1.3596e-04      16.20          1  0.000e+00
     9.7712     9.7782   3.782362   3.783010    418.380    239.035    236.794    99.5238 1.0000e-12    34.7565    34.7565      82393   3433.000         12         12     100.00  -44.04940  146.28964      16.20          1    1495.60    414.600     0.0390 1.3596e-04      16.20          1  0.000e+00
     9.7710     9.7781   3.782362   3.783010    418.386    239.017    236.827    99.4978 1.0000e-12    34.7567    34.7565      82394   3433.042         12         12     100.00  -44.04940  146.28964      16.21          1    1495.60    414.607     0.0390 1.3596e-04      16.21          1  0.000e+00
     9.7709     9.7780   3.782380   3.783010    418.386    238.996    236.825    99.4458 1.0000e-12    34.7570    34.7567      82395   3433.083         12         12     100.00  -44.04940  146.28964      16.20          1    1495.60    414.607     0.0390 1.3596e-04      16.20          1  0.000e+00
     9.7713     9.7780   3.782368   3.783010    418.338    239.187    236.858    99.4458 1.0000e-12    34.7565    34.7567      82396   3433.125         12         12     100.00  -44.04940  146.28964      16.20          1    1495.60    414.560     0.0390 1.3596e-04      16.20          1  0.000e+00
     9.7717     9.7777   3.782374   3.782959    418.325    239.207    236.858    99.4458 1.0000e-12    34.7562    34.7565      82397   3433.167         12         12     100.00  -44.04940  146.28964      16.23          1    1495.61    414.546     0.0390 1.3596e-04      16.23          1  0.000e+00
     9.7715     9.7773   3.782362   3.782966    418.386    239.013    236.860    99.4458 1.0000e-12    34.7562    34.7568      82398   3433.208         12         12     100.00  -44.04940  146.28964      16.20          1    1495.61    414.607     0.0390 1.3596e-04      16.20          1  0.000e+00
     9.7717     9.7772   3.782380   3.782922    418.339    239.199    236.642    99.4458 1.0000e-12    34.7563    34.7565      82399   3433.250         12         12     100.00  -44.04940  146.28964      16.20          1    1495.61    414.560     0.0390 1.3596e-04      16.20          1  0.000e+00
     9.7724     9.7770   3.782412   3.782909    418.339    239.212    236.606    99.4458 1.0000e-12    34.7560    34.7566      82400   3433.292         12         12     100.00  -44.04940  146.28964      16.21          1    1495.61    414.560     0.0390 1.3596e-04      16.21          1  0.000e+00
     9.7732     9.7773   3.782449   3.782909    418.380    239.200    236.788    99.4458 1.0000e-12    34.7555    34.7563      82401   3433.333         12         12     100.00  -44.04940  146.28964      16.20          1    1495.61    414.600     0.0390 1.3596e-04      16.20          1  0.000e+00
     9.7740     9.7770   3.782531   3.782909    418.339    239.375    236.573    99.4458 1.0000e-12    34.7556    34.7566      82402   3433.375         12         12     100.00  -44.04940  146.28964      16.20          1    1495.61    414.560     0.0390 1.3596e-04      16.20          1  0.000e+00
     9.7747     9.7768   3.782581   3.782859    418.284    239.401    236.539    99.4458 1.0000e-12    34.7555    34.7563      82403   3433.417         12         12     100.00  -44.04940  146.28964      16.23          1    1495.61    414.505     0.0390 1.3596e-04      16.23          1  0.000e+00
     9.7750     9.7763   3.782657   3.782771    418.325    239.235    236.512    99.4458 1.0000e-12    34.7560    34.7558      82404   3433.458         12         12      95.41  -44.04940  146.28964      16.20          1    1495.62    414.546     0.0390 1.3596e-04      16.20          1  0.000e+00
     9.7751     9.7754   3.782713   3.782671    418.339    239.236    236.488    99.4458 1.0000e-12    34.7564    34.7557      82405   3433.500         12         12      52.31  -44.04940  146.28964      16.23          1    1495.62    414.560     0.0390 1.3596e-04      16.23          1  0.000e+00
