example_project/CTD/in2018_v01_001.ros
* Sea-Bird SBE 9 Data File:
* FileName = D:\lowered_ctd\in2018_v01\seasave\in2018_v01_001\in2018_v01_001.hex
* Software Version Seasave V 7.26.7.107
* Temperature SN = 6189
* Conductivity SN = 4685
* Number of Bytes Per Scan = 37
* Number of Voltage Words = 4
* Number of Scans Averaged by the Deck Unit = 1
* NMEA Latitude = 44 00.10 S
* NMEA Longitude = 146 19.25 E
* NMEA UTC (Time) = Jan 11 2018 08:11:00
** Operator:
** CTD config:
** Ship: Investigator
** Cruise: in2018_v01
** Station:  in2018_v01_001
** Latitude:  -44 00.110
** Longitude:  146 19.252
** Depth:  0244
# nquan = 27
# nvalues = 5220                                  
# units = specified
# name 0 = t090C: Temperature [ITS-90, deg C]
# name 1 = t190C: Temperature, 2 [ITS-90, deg C]
# name 2 = c0S/m: Conductivity [S/m]
# name 3 = c1S/m: Conductivity, 2 [S/m]
# name 4 = prDM: Pressure, Digiquartz [db]
# name 5 = sbeox0Mm/L: Oxygen, SBE 43 [umol/l]
# name 6 = sbeox1Mm/L: Oxygen, SBE 43, 2 [umol/l]
# name 7 = CStarTr0: Beam Transmission, WET Labs C-Star [%]
# name 8 = par: PAR/Irradiance, Biospherical/Licor [umol photons/m^2/sec]
# name 9 = sal00: Salinity, Practical [PSU]
# name 10 = sal11: Salinity, Practical, 2 [PSU]
# name 11 = scan: Scan Count
# name 12 = timeS: Time, Elapsed [seconds]
# name 13 = nbf: Bottles Fired
# name 14 = bpos: Bottle Position in Carousel
# name 15 = altM: Altimeter [m]
# name 16 = latitude: Latitude [deg]
# name 17 = longitude: Longitude [deg]
# name 18 = ptempC: Pressure Temperature [deg C]
# name 19 = pumps: Pump Status
# name 20 = svCM: Sound Velocity [Chen-Millero, m/s]
# name 21 = depSM: Depth [salt water, m]
# name 22 = flECO-AFL: Fluorescence, WET Labs ECO-AFL/FL [mg/m^3]
# name 23 = turbWETbb0: Turbidity, WET Labs ECO BB [m^-1/sr]
# name 24 = ptempC: Pressure Temperature [deg C]
# name 25 = pumps: Pump Status
# name 26 = flag:  0.000e+00
# interval = seconds: 0.0416667
# start_time = Jan 11 2018 08:11:00 [NMEA time, header]
# bad_flag = -9.990e-29
*END*
[from data line 1396]
    11.8888    11.8879   4.008315   4.008141    142.779    242.108    240.036    99.5757 1.0000e-12    35.1244    35.1235      31428   1309.458         10         10     100.00  -44.00172  146.32082      21.91          1    1498.95    141.584     0.0683 1.5363e-04      21.91          1  0.000e+00
    11.8893    11.8878   4.008347   4.008103    142.779    242.125    240.001    99.5757 1.0000e-12    35.1242    35.1233      31429   1309.500         10         10     100.00  -44.00172  146.32082      21.91          1    1498.95    141.584     0.0683 1.5363e-04      21.91          1  0.000e+00
    11.8898    11.8878   4.008437   4.008147    142.841    242.127    239.969    99.5757 1.0000e-12    35.1246    35.1237      31430   1309.542         10         10     100.00  -44.00172  146.32082      21.91          1    1498.96    141.645     0.0683 1.5363e-04      21.91          1  0.000e+00
    11.8900    11.8876   4.008437   4.008141    142.827    242.131    239.938    99.5757 1.0000e-12    35.1244    35.1238      31431   1309.583         10         10     100.00  -44.00172  146.32082      21.91          1    1498.96    141.632     0.0683 1.5363e-04      21.91          1  0.000e+00
    11.8901    11.8874   4.008508   4.008090    142.875    242.139    239.942    99.5498 1.0000e-12    35.1250    35.1234      31432   1309.625         10         10     100.00  -44.00172  146.32082      21.91          1    1498.96    141.679     0.0683 1.5363e-04      21.91          1  0.000e+00
    11.8906    11.8871   4.008533   4.008064    142.929    241.974    239.950    99.5757 1.0000e-12    35.1247    35.1235      31433   1309.667         10         10     100.00  -44.00172  146.32082      21.91          1    1498.96    141.733     0.0683 1.5363e-04      21.91          1  0.000e+00
    11.8903    11.8874   4.008533   4.008064    142.991    242.146    239.929    99.6017 1.0000e-12    35.1250    35.1231      31434   1309.708         10         10     100.00  -44.00172  146.32082      21.91          1    1498.96    141.794     0.0683 1.5363e-04      21.91          1  0.000e+00
    11.8903    11.8878   4.008533   4.008141    142.977    242.161    239.937    99.6277 1.0000e-12    35.1250    35.1236      31435   1309.750         10         10     100.00  -44.00172  146.32082      21.91          1    1498.96    141.781     0.0683 1.5363e-04      21.91          1  0.000e+00
    11.8900    11.8879   4.008508   4.008244    143.025    242.007    239.921    99.6277 1.0000e-12    35.1251    35.1244      31436   1309.792         10         10     100.00  -44.00172  146.32082      21.91          1    1498.96    141.828     0.0683 1.5363e-04      21.91          1  0.000e+00
    11.8900    11.8884   4.008495   4.008244    143.079    242.186    239.908    99.6277 1.0000e-12    35.1249    35.1239      31437   1309.833         10         10     100.00  -44.00172  146.32082      21.91          1    1498.96    141.882     0.0683 1.5363e-04      21.91          1  0.000e+00
    11.8895    11.8884   4.008469   4.008218    143.079    242.211    239.898    99.6017 1.0000e-12    35.1251    35.1236      31438   1309.875         10         10     100.00  -44.00172  146.32082      21.91          1    1498.96    141.882     0.0683 1.5363e-04      21.91          1  0.000e+00
    11.8895    11.8879   4.008437   4.008180    143.141    242.045    239.893    99.6017 1.0000e-12    35.1248    35.1237      31439   1309.917         10         10     100.00  -44.00172  146.32082      21.91          1    1498.96    141.943     0.0683 1.5363e-04      21.91          1  0.000e+00
    11.8891    11.8879   4.008482   4.008167    143.127    242.210    239.887    99.6017 1.0000e-12    35.1256    35.1236      31440   1309.958         10         10     100.00  -44.00172  146.32082      21.91          1    1498.96    141.929     0.0683 1.5363e-04      21.91          1  0.000e+00
    11.8887    11.8871   4.008424   4.008058    143.229    242.051    239.697    99.6017 1.0000e-12    35.1254    35.1233      31441   1310.000         10         10     100.00  -44.00172  146.32082      21.91          1    1498.96    142.031     0.0683 1.5363e-04      21.91          1  0.000e+00
    11.8885    11.8862   4.008340   4.007974    143.229    242.241    239.897    99.6017 1.0000e-12    35.1247    35.1233      31442   1310.042         10         10     100.00  -44.00172  146.32082      21.91          1    1498.96    142.031     0.0830 1.5186e-04      21.91          1  0.000e+00
    11.8881    11.8851   4.008347   4.007852    143.229    242.082    239.906    99.6017 1.0000e-12    35.1251    35.1231      31443   1310.083         10         10     100.00  -44.00172  146.32082      21.91          1    1498.96    142.031     0.0830 1.5186e-04      21.91          1  0.000e+00
    11.8878    11.8840   4.008334   4.007698    143.291    242.084    239.921    99.6017 1.0000e-12    35.1253    35.1226      31444   1310.125         10         10      98.32  -44.00172  146.32082      21.91          1    1498.96    142.091     0.0830 1.5186e-04      21.91          1  0.000e+00
    11.8879    11.8834   4.008295   4.007673    143.277    242.259    239.931    99.6017 1.0000e-12    35.1248    35.1229      31445   1310.167         10         10      81.51  -44.00172  146.32082      21.91          1    1498.96    142.078     0.0830 1.5186e-04      21.91          1  0.000e+00
    11.8885    11.8837   4.008289   4.007705    143.325    242.279    239.748    99.6017 1.0000e-12    35.1242    35.1230      31446   1310.208         10         10      73.50  -44.00172  146.32082      21.91          1    1498.96    142.125     0.0830 1.5186e-04      21.91          1  0.000e+00
    11.8880    11.8836   4.008341   4.007718    143.379    242.304    239.735    99.6017 1.0000e-12    35.1251    35.1232      31447   1310.250         10         10      72.99  -44.00172  146.32082      21.92          1    1498.96    142.179     0.0830 1.5186e-04      21.92          1  0.000e+00
    11.8867    11.8830   4.008283   4.007660    143.380    242.334    239.922    99.6277 1.0000e-12    35.1258    35.1232      31448   1310.292         10         10      83.74  -44.00172  146.32082      21.91          1    1498.96    142.179     0.0830 1.5186e-04      21.91          1  0.000e+00
    11.8851    11.8830   4.008122   4.007628    143.386    242.348    239.749    99.6277 1.0000e-12    35.1257    35.1229      31449   1310.333         10         10      98.12  -44.00172  146.32082      21.91          1    1498.95    142.186     0.0903 1.5186e-04      21.91          1  0.000e+00
    11.8833    11.8828   4.007916   4.007641    143.427    242.385    239.746    99.6277 1.0000e-12    35.1254    35.1232      31450   1310.375         10         10     100.00  -44.00172  146.32080      21.91          1    1498.94    142.227     0.0830 1.5186e-04      21.91          1  0.000e+00
    11.8832    11.8822   4.007845   4.007589    143.427    242.415    239.942    99.6017 1.0000e-12    35.1248    35.1232      31451   1310.417         10         10     100.00  -44.00172  146.32080      21.91          1    1498.94    142.227     0.0830 1.5010e-04      21.91          1  0.000e+00
    11.8832    11.8819   4.007762   4.007577    143.523    242.254    239.975    99.6017 1.0000e-12    35.1239    35.1233      31452   1310.458         10         10     100.00  -44.00172  146.32080      21.91          1    1498.94    142.321     0.0903 1.5186e-04      21.91          1  0.000e+00
    11.8833    11.8825   4.007781   4.007576    143.475    242.245    240.004    99.6017 1.0000e-12    35.1240    35.1228      31453   1310.500         10         10     100.00  -44.00172  146.32080      21.91          1    1498.94    142.274     0.0903 1.5010e-04      21.91          1  0.000e+00
    11.8835    11.8828   4.007801   4.007679    143.536    242.415    240.038    99.5498 1.0000e-12    35.1240    35.1235      31454   1310.542         10         10     100.00  -44.00172  146.32080      21.91          1    1498.95    142.335     0.0830 1.5010e-04      21.91          1  0.000e+00
    11.8843    11.8835   4.007878   4.007750    143.523    242.424    240.071    99.5498 1.0000e-12    35.1240    35.1235      31455   1310.583         10         10     100.00  -44.00172  146.32080      21.91          1    1498.95    142.321     0.0830 1.5186e-04      21.91          1  0.000e+00
    11.8845    11.8838   4.007878   4.007782    143.523    242.438    240.109    99.5498 1.0000e-12    35.1238    35.1235      31456   1310.625         10         10     100.00  -44.00172  146.32080      21.91          1    1498.95    142.321     0.0830 1.5186e-04      21.91          1  0.000e+00
    11.8843    11.8848   4.007923   4.007833    143.577    242.455    240.149    99.5498 1.0000e-12    35.1244    35.1231      31457   1310.667         10         10     100.00  -44.00172  146.32080      21.91          1    1498.95    142.375     0.0830 1.5186e-04      21.91          1  0.000e+00
    11.8846    11.8849   4.007884   4.007904    143.625    242.647    240.193    99.5498 1.0000e-12    35.1237    35.1236      31458   1310.708         10         10     100.00  -44.00172  146.32080      21.91          1    1498.95    142.423     0.0830 1.5186e-04      21.91          1  0.000e+00
    11.8851    11.8851   4.007897   4.007897    143.584    242.503    240.237    99.5498 1.0000e-12    35.1234    35.1234      31459   1310.750         10         10     100.00  -44.00172  146.32080      21.91          1    1498.95    142.382     0.0830 1.5186e-04      21.91          1  0.000e+00
    11.8848    11.8849   4.007910   4.007942    143.625    242.523    240.288    99.5498 1.0000e-12    35.1238    35.1240      31460   1310.792         10         10     100.00  -44.00172  146.32080      21.91          1    1498.95    142.423     0.0830 1.5186e-04      21.91          1  0.000e+00
    11.8848    11.8849   4.007897   4.007917    143.625    242.540    240.310    99.5498 1.0000e-12    35.1236    35.1237      31461   1310.833         10         10     100.00  -44.00172  146.32080      21.91          1    1498.95    142.423     0.0830 1.5186e-04      21.91          1  0.000e+00
    11.8855    11.8849   4.007929   4.007865    143.673    242.751    240.140    99.5498 1.0000e-12    35.1233    35.1232      31462   1310.875         10         10     100.00  -44.00172  146.32080      21.91          1    1498.95    142.470     0.0830 1.5186e-04      21.91          1  0.000e+00
    11.8858    11.8843   4.007968   4.007827    143.625    242.611    240.138    99.5498 1.0000e-12    35.1234    35.1234      31463   1310.917         10         10     100.00  -44.00172  146.32080      21.91          1    1498.95    142.423     0.0830 1.5186e-04      21.91          1  0.000e+00
    11.8858    11.8843   4.008000   4.007840    143.686    242.632    240.333    99.5498 1.0000e-12    35.1237    35.1236      31464   1310.958         10         10     100.00  -44.00172  146.32080      21.91          1    1498.96    142.484     0.0830 1.5186e-04      21.91          1  0.000e+00
    11.8855    11.8845   4.007955   4.007904    143.673    242.654    240.166    99.5498 1.0000e-12    35.1236    35.1240      31465   1311.000         10         10     100.00  -44.00172  146.32080      21.91          1    1498.95    142.470     0.0830 1.5186e-04      21.91          1  0.000e+00
    11.8858    11.8853   4.007916   4.007878    143.727    242.851    240.167    99.5498 1.0000e-12    35.1229    35.1230      31466   1311.042         10         10     100.00  -44.00172  146.32080      21.91          1    1498.96    142.524     0.0830 1.5186e-04      21.91          1  0.000e+00
    11.8860    11.8854   4.007929   4.007936    143.673    242.695    240.169    99.5498 1.0000e-12    35.1229    35.1234      31467   1311.083         10         10     100.00  -44.00172  146.32080      21.91          1    1498.96    142.470     0.0756 1.5010e-04      21.91          1  0.000e+00
    11.8861    11.8855   4.008045   4.007930    143.727    242.697    240.372    99.5498 1.0000e-12    35.1238    35.1233      31468   1311.125         10         10     100.00  -44.00172  146.32080      21.91          1    1498.96    142.524     0.0683 1.4833e-04      21.91          1  0.000e+00
    11.8863    11.8858   4.008083   4.007974    143.686    242.697    240.406    99.5498 1.0000e-12    35.1241    35.1235      31469   1311.167         10         10     100.00  -44.00172  146.32080      21.91          1    1498.96    142.484     0.0683 1.4833e-04      21.91          1  0.000e+00
    11.8862    11.8856   4.008103   4.007936    143.727    242.700    240.446    99.5498 1.0000e-12    35.1244    35.1232      31470   1311.208         10         10     100.00  -44.00172  146.32080      21.91          1    1498.96    142.524     0.0683 1.4833e-04      21.91          1  0.000e+00
    11.8861    11.8855   4.008090   4.007949    143.727    242.703    240.486    99.5498 1.0000e-12    35.1243    35.1235      31471   1311.250         10         10     100.00  -44.00172  146.32080      21.91          1    1498.96    142.524     0.0683 1.4833e-04      21.91          1  0.000e+00
    11.8858    11.8854   4.008084   4.007865    143.775    242.727    240.530    99.5238 1.0000e-12    35.1245    35.1227      31472   1311.292         10         10     100.00  -44.00172  146.32080      21.91          1    1498.96    142.572     0.0683 1.4833e-04      21.91          1  0.000e+00
    11.8855    11.8855   4.008077   4.007872    143.727    242.730    240.540    99.5498 1.0000e-12    35.1247    35.1228      31473   1311.333         10         10     100.00  -44.00172  146.32080      21.91          1    1498.96    142.524     0.0683 1.4833e-04      21.91          1  0.000e+00
    11.8853    11.8852   4.008051   4.007891    143.727    242.734    240.553    99.6017 1.0000e-12    35.1247    35.1232      31474   1311.375         10         10     100.00  -44.00172  146.32080      21.91          1    1498.96    142.524     0.0683 1.4833e-04      21.91          1  0.000e+00
    11.8855    11.8851   4.008071   4.007891    143.734    242.756    240.565    99.6277 1.0000e-12    35.1247    35.1233      31475   1311.417         10         10     100.00  -44.00172  146.32080      21.91          1    1498.96    142.531     0.0683 1.4833e-04      21.91          1  0.000e+00
    11.8855    11.8855   4.008051   4.007891    143.775    242.761    240.577    99.6537 1.0000e-12    35.1245    35.1229      31476   1311.458         10         10     100.00  -44.00172  146.32080      21.91          1    1498.96    142.572     0.0683 1.4833e-04      21.91          1  0.000e+00
    11.8860    11.8852   4.008071   4.007859    143.727    242.762    240.589    99.6537 1.0000e-12    35.1242    35.1229      31477   1311.500         10         10     100.00  -44.00172  146.32080      21.91          1    1498.96    142.524     0.0683 1.4833e-04      21.91          1  0.000e+00
    11.8861    11.8851   4.008103   4.007859    143.775    242.766    240.603    99.6277 1.0000e-12    35.1244    35.1229      31478   1311.542         10         10     100.00  -44.00172  146.32080      21.91          1    1498.96    142.572     0.0683 1.4833e-04      21.91          1  0.000e+00
    11.8860    11.8848   4.008116   4.007827    143.727    242.769    240.615    99.6277 1.0000e-12    35.1247    35.1230      31479   1311.583         10         10     100.00  -44.00172  146.32080      21.91          1    1498.96    142.524     0.0683 1.4656e-04      21.91          1  0.000e+00
    11.8861    11.8848   4.008116   4.007820    143.734    242.772    240.821    99.6277 1.0000e-12    35.1245    35.1229      31480   1311.625         10         10     100.00  -44.00172  146.32080      21.91          1    1498.96    142.531     0.0683 1.4833e-04      21.91          1  0.000e+00
