example_project/CTD/in2018_v01_003.ros
* Sea-Bird SBE 9 Data File:
* FileName = D:\lowered_ctd\in2018_v01\seasave\in2018_v01_003\in2018_v01_003.hex
* Software Version Seasave V 7.26.7.107
* Temperature SN = 6189
* Conductivity SN = 4685
* Number of Bytes Per Scan = 37
* Number of Voltage Words = 4
* Number of Scans Averaged by the Deck Unit = 1
* NMEA Latitude = 44 07.18 S
* NMEA Longitude = 146 13.21 E
* NMEA UTC (Time) = Jan 11 2018 13:50:41
** Operator:
** CTD config:
** Ship: Investigator
** Cruise: in2018_v01
** Station:  in2018_v01_003
** Latitude:  -44 07.178
** Longitude:  146 13.204
** Depth:  1014
# nquan = 27
# nvalues = 5220                                  
# units = specified
# name 0 = t090C: Temperature [ITS-90, deg C]
# name 1 = t190C: Temperature, 2 [ITS-90, deg C]
# name 2 = c0S/m: Conductivity [S/m]
# name 3 = c1S/m: Conductivity, 2 [S/m]
# name 4 = prDM: Pressure, Digiquartz [db]
# name 5 = sbeox0Mm/L: Oxygen, SBE 43 [umol/l]
# name 6 = sbeox1Mm/L: Oxygen, SBE 43, 2 [umol/l]
# name 7 = CStarTr0: Beam Transmission, WET Labs C-Star [%]
# name 8 = par: PAR/Irradiance, Biospherical/Licor [umol photons/m^2/sec]
# name 9 = sal00: Salinity, Practical [PSU]
# name 10 = sal11: Salinity, Practical, 2 [PSU]
# name 11 = scan: Scan Count
# name 12 = timeS: Time, Elapsed [seconds]
# name 13 = nbf: Bottles Fired
# name 14 = bpos: Bottle Position in Carousel
# name 15 = altM: Altimeter [m]
# name 16 = latitude: Latitude [deg]
# name 17 = longitude: Longitude [deg]
# name 18 = ptempC: Pressure Temperature [deg C]
# name 19 = pumps: Pump Status
# name 20 = svCM: Sound Velocity [Chen-Millero, m/s]
# name 21 = depSM: Depth [salt water, m]
# name 22 = flECO-AFL: Fluorescence, WET Labs ECO-AFL/FL [mg/m^3]
# name 23 = turbWETbb0: Turbidity, WET Labs ECO BB [m^-1/sr]
# name 24 = ptempC: Pressure Temperature [deg C]
# name 25 = pumps: Pump Status
# name 26 = flag:  0.000e+00
# interval = seconds: 0.0416667
# start_time = Jan 11 2018 13:50:41 [NMEA time, header]
# bad_flag = -9.990e-29
*END*
[from data line 1558]
     8.3306     8.3506   3.640733   3.642865    624.964    211.297    207.358    99.7316 1.0000e-12    34.5842    34.5872      72293   3012.167         11         11     100.00  -44.11946  146.21986      14.26          1    1493.50    619.007     0.0610 1.2360e-04      14.26          1  0.000e+00
     8.3290     8.3510   3.640702   3.642952    625.005    211.294    207.371    99.7316 1.0000e-12    34.5855    34.5878      72294   3012.208         11         11     100.00  -44.11946  146.21986      14.26          1    1493.49    619.048     0.0610 1.2360e-04      14.26          1  0.000e+00
     8.3274     8.3518   3.640690   3.643075    624.964    211.288    207.333    99.7057 1.0000e-12    34.5869    34.5883      72295   3012.250         11         11     100.00  -44.11946  146.21986      14.26          1    1493.49    619.007     0.0610 1.2360e-04      14.26          1  0.000e+00
     8.3264     8.3529   3.640572   3.643193    624.964    211.072    207.336    99.7316 1.0000e-12    34.5867    34.5885      72296   3012.292         11         11     100.00  -44.11946  146.21986      14.26          1    1493.48    619.007     0.0610 1.2360e-04      14.26          1  0.000e+00
     8.3270     8.3537   3.640455   3.643285    625.012    211.270    207.295    99.7316 1.0000e-12    34.5847    34.5887      72297   3012.333         11         11     100.00  -44.11946  146.21986      14.26          1    1493.48    619.055     0.0537 1.2360e-04      14.26          1  0.000e+00
     8.3264     8.3545   3.640430   3.643316    624.964    211.050    207.249    99.7316 1.0000e-12    34.5851    34.5882      72298   3012.375         11         11     100.00  -44.11946  146.21986      14.26          1    1493.48    619.007     0.0610 1.2183e-04      14.26          1  0.000e+00
     8.3257     8.3548   3.640455   3.643335    625.012    211.013    207.249    99.7316 1.0000e-12    34.5860    34.5881      72299   3012.417         11         11     100.00  -44.11946  146.21986      14.26          1    1493.48    619.055     0.0610 1.2360e-04      14.26          1  0.000e+00
     8.3260     8.3555   3.640479   3.643384    625.005    210.762    207.244    99.7316 1.0000e-12    34.5860    34.5879      72300   3012.458         11         11     100.00  -44.11946  146.21986      14.26          1    1493.48    619.048     0.0683 1.2536e-04      14.26          1  0.000e+00
     8.3270     8.3561   3.640498   3.643384    625.012    211.109    207.239    99.7316 1.0000e-12    34.5852    34.5874      72301   3012.500         11         11     100.00  -44.11946  146.21986      14.26          1    1493.48    619.055     0.0683 1.2536e-04      14.26          1  0.000e+00
     8.3282     8.3561   3.640616   3.643372    625.012    210.881    207.233    99.7057 1.0000e-12    34.5853    34.5872      72302   3012.542         11         11     100.00  -44.11946  146.21986      14.26          1    1493.49    619.055     0.0683 1.2536e-04      14.26          1  0.000e+00
     8.3304     8.3559   3.640826   3.643335    625.012    210.858    207.227    99.7057 1.0000e-12    34.5854    34.5870      72303   3012.583         11         11     100.00  -44.11946  146.21986      14.26          1    1493.50    619.055     0.0683 1.2536e-04      14.26          1  0.000e+00
     8.3321     8.3558   3.640956   3.643335    625.012    210.811    207.219    99.7057 1.0000e-12    34.5851    34.5871      72304   3012.625         11         11     100.00  -44.11946  146.21986      14.26          1    1493.50    619.055     0.0683 1.2536e-04      14.26          1  0.000e+00
     8.3333     8.3556   3.641105   3.643316    625.061    210.767    207.210    99.7316 1.0000e-12    34.5854    34.5871      72305   3012.667         11         11     100.00  -44.11946  146.21986      14.26          1    1493.51    619.103     0.0683 1.2536e-04      14.26          1  0.000e+00
     8.3337     8.3555   3.641185   3.643267    625.061    210.754    207.434    99.7316 1.0000e-12    34.5860    34.5867      72306   3012.708         11         11     100.00  -44.11946  146.21986      14.26          1    1493.51    619.103     0.0683 1.2536e-04      14.26          1  0.000e+00
     8.3343     8.3551   3.641253   3.643217    625.005    210.711    207.226    99.7316 1.0000e-12    34.5861    34.5865      72307   3012.750         11         11     100.00  -44.11946  146.21986      14.26          1    1493.51    619.048     0.0683 1.2536e-04      14.26          1  0.000e+00
     8.3342     8.3547   3.641197   3.643193    625.061    210.676    207.212    99.7316 1.0000e-12    34.5856    34.5867      72308   3012.792         11         11     100.00  -44.11946  146.21986      14.26          1    1493.51    619.103     0.0683 1.2536e-04      14.26          1  0.000e+00
     8.3335     8.3548   3.641148   3.643180    625.061    210.670    207.192    99.7316 1.0000e-12    34.5857    34.5864      72309   3012.833         11         11     100.00  -44.11946  146.21986      14.26          1    1493.51    619.103     0.0683 1.2536e-04      14.26          1  0.000e+00
     8.3324     8.3545   3.641092   3.643180    625.116    210.668    207.173    99.7316 1.0000e-12    34.5862    34.5867      72310   3012.875         11         11     100.00  -44.11946  146.21986      14.26          1    1493.51    619.157     0.0683 1.2536e-04      14.26          1  0.000e+00
     8.3329     8.3543   3.641148   3.643187    625.061    210.657    207.149    99.7316 1.0000e-12    34.5864    34.5870      72311   3012.917         11         11     100.00  -44.11946  146.21986      14.26          1    1493.51    619.103     0.0683 1.2536e-04      14.26          1  0.000e+00
     8.3340     8.3545   3.641272   3.643230    625.116    210.647    207.124    99.7316 1.0000e-12    34.5865    34.5872      72312   3012.958         11         11     100.00  -44.11946  146.21986      14.26          1    1493.51    619.157     0.0683 1.2536e-04      14.26          1  0.000e+00
     8.3358     8.3551   3.641445   3.643273    625.061    210.632    207.093    99.7316 1.0000e-12    34.5867    34.5871      72313   3013.000         11         11     100.00  -44.11946  146.21986      14.26          1    1493.52    619.103     0.0683 1.2360e-04      14.26          1  0.000e+00
     8.3368     8.3556   3.641544   3.643347    625.109    210.595    207.062    99.7316 1.0000e-12    34.5867    34.5874      72314   3013.042         11         11     100.00  -44.11946  146.21986      14.26          1    1493.52    619.150     0.0683 1.2360e-04      14.26          1  0.000e+00
     8.3368     8.3561   3.641488   3.643391    625.164    210.386    207.076    99.7316 1.0000e-12    34.5861    34.5873      72315   3013.083         11         11     100.00  -44.11946  146.21986      14.26          1    1493.52    619.205     0.0683 1.2536e-04      14.26          1  0.000e+00
     8.3368     8.3564   3.641464   3.643434    625.116    210.565    207.042    99.7316 1.0000e-12    34.5859    34.5875      72316   3013.125         11         11     100.00  -44.11946  146.21986      14.26          1    1493.52    619.157     0.0683 1.2536e-04      14.26          1  0.000e+00
     8.3374     8.3564   3.641606   3.643465    625.116    210.323    207.010    99.7316 1.0000e-12    34.5867    34.5878      72317   3013.167         11         11     100.00  -44.11946  146.21986      14.26          1    1493.53    619.157     0.0683 1.2536e-04      14.26          1  0.000e+00
     8.3382     8.3567   3.641730   3.643452    625.164    210.293    207.255    99.7316 1.0000e-12    34.5872    34.5874      72318   3013.208         11         11     100.00  -44.11946  146.21986      14.26          1    1493.53    619.205     0.0683 1.2536e-04      14.26          1  0.000e+00
     8.3389     8.3569   3.641779   3.643465    625.164    210.474    207.262    99.7316 1.0000e-12    34.5871    34.5873      72319   3013.250         11         11     100.00  -44.11946  146.21986      14.26          1    1493.53    619.205     0.0683 1.2536e-04      14.26          1  0.000e+00
     8.3400     8.3572   3.641785   3.643440    625.157    210.265    207.309    99.7316 1.0000e-12    34.5861    34.5867      72320   3013.292         11         11     100.00  -44.11946  146.21986      14.26          1    1493.54    619.198     0.0683 1.2536e-04      14.26          1  0.000e+00
     8.3402     8.3572   3.641785   3.643489    625.164    210.273    207.310    99.7316 1.0000e-12    34.5859    34.5873      72321   3013.333         11         11     100.00  -44.11946  146.21986      14.26          1    1493.54    619.205     0.0683 1.2536e-04      14.26          1  0.000e+00
     8.3400     8.3574   3.641736   3.643502    625.164    210.466    207.073    99.7316 1.0000e-12    34.5856    34.5872      72322   3013.375         11         11     100.00  -44.11946  146.21986      14.26          1    1493.54    619.205     0.0683 1.2536e-04      14.26          1  0.000e+00
     8.3397     8.3575   3.641723   3.643533    625.219    210.272    207.027    99.7316 1.0000e-12    34.5857    34.5874      72323   3013.417         11         11     100.00  -44.11946  146.21986      14.26          1    1493.54    619.260     0.0683 1.2536e-04      14.26          1  0.000e+00
     8.3407     8.3575   3.641798   3.643489    625.219    210.253    207.024    99.7057 1.0000e-12    34.5855    34.5869      72324   3013.458         11         11     100.00  -44.11946  146.21986      14.26          1    1493.54    619.260     0.0683 1.2536e-04      14.26          1  0.000e+00
     8.3413     8.3575   3.641915   3.643514    625.219    210.237    206.976    99.7057 1.0000e-12    34.5861    34.5872      72325   3013.500         11         11     100.00  -44.11946  146.21986      14.26          1    1493.54    619.260     0.0683 1.3066e-04      14.26          1  0.000e+00
     8.3426     8.3574   3.642095   3.643496    625.219    210.221    206.971    99.7057 1.0000e-12    34.5868    34.5872      72326   3013.542         11         11     100.00  -44.11946  146.21986      14.26          1    1493.55    619.260     0.0683 1.3243e-04      14.26          1  0.000e+00
     8.3447     8.3571   3.642287   3.643471    625.212    210.174    207.202    99.7316 1.0000e-12    34.5868    34.5872      72327   3013.583         11         11     100.00  -44.11946  146.21986      14.26          1    1493.56    619.253     0.0683 1.3243e-04      14.26          1  0.000e+00
     8.3457     8.3572   3.642454   3.643477    625.268    210.164    207.004    99.7057 1.0000e-12    34.5876    34.5871      72328   3013.625         11         11     100.00  -44.11946  146.21986      14.26          1    1493.56    619.307     0.0683 1.3243e-04      14.26          1  0.000e+00
     8.3462     8.3572   3.642571   3.643496    625.268    210.157    206.996    99.7057 1.0000e-12    34.5883    34.5873      72329   3013.667         11         11     100.00  -44.11946  146.21986      14.26          1    1493.56    619.307     0.0683 1.3243e-04      14.26          1  0.000e+00
     8.3514     8.3582   3.642893   3.643601    625.226    211.419    207.014    99.7057 1.0000e-12    34.5867    34.5875      72677   3028.167         12         12     100.00  -44.11946  146.21986      14.26          1    1493.58    619.267     0.0683 1.3243e-04      14.26          1  0.000e+00
     8.3507     8.3580   3.642862   3.643582    625.275    211.620    206.738    99.7057 1.0000e-12    34.5870    34.5874      72678   3028.208         12         12     100.00  -44.11946  146.21986      14.26          1    1493.58    619.314     0.0683 1.3243e-04      14.26          1  0.000e+00
     8.3509     8.3582   3.642875   3.643564    625.171    211.630    206.929    99.7057 1.0000e-12    34.5870    34.5871      72679   3028.250         12         12     100.00  -44.11946  146.21986      14.26          1    1493.58    619.212     0.0683 1.3243e-04      14.26          1  0.000e+00
     8.3499     8.3580   3.642813   3.643564    625.171    211.676    206.931    99.7057 1.0000e-12    34.5873    34.5873      72680   3028.292         12         12     100.00  -44.11946  146.21986      14.23          1    1493.57    619.212     0.0683 1.3243e-04      14.23          1  0.000e+00
     8.3493     8.3580   3.642763   3.643570    625.227    211.693    206.934    99.7057 1.0000e-12    34.5874    34.5873      72681   3028.333         12         12     100.00  -44.11946  146.21986      14.23          1    1493.57    619.267     0.0683 1.3243e-04      14.23          1  0.000e+00
     8.3489     8.3575   3.642683   3.643539    625.123    211.704    206.935    99.7057 1.0000e-12    34.5869    34.5875      72682   3028.375         12         12     100.00  -44.11946  146.21986      14.26          1    1493.57    619.165     0.0537 1.2890e-04      14.26          1  0.000e+00
     8.3488     8.3575   3.642677   3.643496    625.165    211.537    206.939    99.7057 1.0000e-12    34.5869    34.5870      72683   3028.417         12         12     100.00  -44.11946  146.21986      14.23          1    1493.57    619.206     0.0463 1.2890e-04      14.23          1  0.000e+00
     8.3489     8.3572   3.642689   3.643496    625.123    211.727    206.941    99.7057 1.0000e-12    34.5869    34.5873      72684   3028.458         12         12     100.00  -44.11946  146.21986      14.26          1    1493.57    619.165     0.0463 1.2890e-04      14.26          1  0.000e+00
     8.3493     8.3574   3.642714   3.643502    625.123    211.736    206.942    99.7057 1.0000e-12    34.5869    34.5873      72685   3028.500         12         12     100.00  -44.11946  146.21986      14.26          1    1493.57    619.165     0.0463 1.2890e-04      14.26          1  0.000e+00
     8.3491     8.3575   3.642701   3.643533    625.172    211.747    206.709    99.7057 1.0000e-12    34.5869    34.5874      72686   3028.542         12         12     100.00  -44.11946  146.21986      14.26          1    1493.57    619.213     0.0463 1.2890e-04      14.26          1  0.000e+00
     8.3489     8.3575   3.642664   3.643508    625.068    211.545    206.902    99.7057 1.0000e-12    34.5867    34.5872      72687   3028.583         12         12     100.00  -44.11946  146.21986      14.26          1    1493.57    619.110     0.0463 1.2890e-04      14.26          1  0.000e+00
     8.3491     8.3574   3.642683   3.643508    625.123    211.735    206.908    99.7057 1.0000e-12    34.5867    34.5873      72688   3028.625         12         12     100.00  -44.11946  146.21986      14.26          1    1493.57    619.165     0.0463 1.2890e-04      14.26          1  0.000e+00
     8.3486     8.3575   3.642639   3.643502    625.068    211.534    206.909    99.7316 1.0000e-12    34.5868    34.5871      72689   3028.667         12         12     100.00  -44.11946  146.21986      14.26          1    1493.57    619.110     0.0463 1.2890e-04      14.26          1  0.000e+00
     8.3488     8.3574   3.642646   3.643508    625.068    211.512    206.913    99.7316 1.0000e-12    34.5866    34.5874      72690   3028.708         12         12     100.00  -44.11946  146.21986      14.26          1    1493.57    619.110     0.0463 1.2890e-04      14.26          1  0.000e+00
     8.3486     8.3574   3.642633   3.643502    625.068    211.701    206.917    99.7316 1.0000e-12    34.5867    34.5873      72691   3028.750         12         12     100.00  -44.11946  146.21986      14.26          1    1493.57    619.110     0.0463 1.2890e-04      14.26          1  0.000e+00
