example_project/CTD/in2018_v01_002.ros
* Sea-Bird SBE 9 Data File:
* FileName = D:\lowered_ctd\in2018_v01\seasave\in2018_v01_001\in2018_v01_002.hex
* Software Version Seasave V 7.26.7.107
* Temperature SN = 6189
* Conductivity SN = 4685
* Number of Bytes Per Scan = 37
* Number of Voltage Words = 4
* Number of Scans Averaged by the Deck Unit = 1
* NMEA Latitude = 44 02.98 S
* NMEA Longitude = 146 17.41 E
* NMEA UTC (Time) = Jan 11 2018 11:12:11
** Operator:
** CTD config:
** Ship: Investigator
** Cruise: in2018_v01
** Station:  in2018_v01_002
** Latitude:  -44 02.986
** Longitude:  146 17.403
** Depth:  0555
# nquan = 27
# nvalues = 5220                                  
# units = specified
# name 0 = t090C: Temperature [ITS-90, deg C]
# name 1 = t190C: Temperature, 2 [ITS-90, deg C]
# name 2 = c0S/m: Conductivity [S/m]
# name 3 = c1S/m: Conductivity, 2 [S/m]
# name 4 = prDM: Pressure, Digiquartz [db]
# name 5 = sbeox0Mm/L: Oxygen, SBE 43 [umol/l]
# name 6 = sbeox1Mm/L: Oxygen, SBE 43, 2 [umol/l]
# name 7 = CStarTr0: Beam Transmission, WET Labs C-Star [%]
# name 8 = par: PAR/Irradiance, Biospherical/Licor [umol photons/m^2/sec]
# name 9 = sal00: Salinity, Practical [PSU]
# name 10 = sal11: Salinity, Practical, 2 [PSU]
# name 11 = scan: Scan Count
# name 12 = timeS: Time, Elapsed [seconds]
# name 13 = nbf: Bottles Fired
# name 14 = bpos: Bottle Position in Carousel
# name 15 = altM: Altimeter [m]
# name 16 = latitude: Latitude [deg]
# name 17 = longitude: Longitude [deg]
# name 18 = ptempC: Pressure Temperature [deg C]
# name 19 = pumps: Pump Status
# name 20 = svCM: Sound Velocity [Chen-Millero, m/s]
# name 21 = depSM: Depth [salt water, m]
# name 22 = flECO-AFL: Fluorescence, WET Labs ECO-AFL/FL [mg/m^3]
# name 23 = turbWETbb0: Turbidity, WET Labs ECO BB [m^-1/sr]
# name 24 = ptempC: Pressure Temperature [deg C]
# name 25 = pumps: Pump Status
# name 26 = flag:  0.000e+00
# interval = seconds: 0.0416667
# start_time = Jan 11 2018 11:12:11 [NMEA time, header]
# bad_flag = -9.990e-29
*END*
[from data line 3759]
    11.4649    11.4675   3.963692   3.963814    198.862    245.634    242.798    99.5238 1.0000e-12    35.0617    35.0604     101288   4220.292         26         26     100.00  -44.04916  146.28932      15.51          1    1498.34    197.170     0.0683 1.3950e-04      15.51          1  0.000e+00
    11.4649    11.4672   3.963666   3.963795    198.909    245.630    242.993    99.5238 1.0000e-12    35.0614    35.0605     101289   4220.333         26         26     100.00  -44.04916  146.28932      15.51          1    1498.34    197.217     0.0683 1.3950e-04      15.51          1  0.000e+00
    11.4653    11.4670   3.963673   3.963770    198.862    245.620    243.047    99.5238 1.0000e-12    35.0612    35.0605     101290   4220.375         26         26     100.00  -44.04916  146.28932      15.51          1    1498.34    197.170     0.0683 1.3950e-04      15.51          1  0.000e+00
    11.4648    11.4669   3.963647   3.963770    198.909    245.437    243.071    99.5238 1.0000e-12    35.0614    35.0606     101291   4220.417         26         26     100.00  -44.04916  146.28932      15.51          1    1498.34    197.217     0.0683 1.3950e-04      15.51          1  0.000e+00
    11.4650    11.4665   3.963673   3.963712    198.814    245.602    243.092    99.5238 1.0000e-12    35.0614    35.0604     101292   4220.458         26         26     100.00  -44.04916  146.28932      15.51          1    1498.34    197.122     0.0683 1.3950e-04      15.51          1  0.000e+00
    11.4649    11.4664   3.963705   3.963693    198.862    245.592    243.114    99.5238 1.0000e-12    35.0618    35.0603     101293   4220.500         26         26     100.00  -44.04916  146.28932      15.51          1    1498.34    197.170     0.0683 1.3950e-04      15.51          1  0.000e+00
    11.4649    11.4661   3.963692   3.963667    198.862    245.403    243.135    99.5238 1.0000e-12    35.0617    35.0604     101294   4220.542         26         26     100.00  -44.04916  146.28932      15.51          1    1498.34    197.170     0.0683 1.3950e-04      15.51          1  0.000e+00
    11.4648    11.4659   3.963685   3.963642    198.862    245.569    243.153    99.5238 1.0000e-12    35.0618    35.0603     101295   4220.583         26         26     100.00  -44.04916  146.28932      15.51          1    1498.34    197.170     0.0683 1.3773e-04      15.51          1  0.000e+00
    11.4649    11.4659   3.963647   3.963623    198.862    245.576    243.201    99.5238 1.0000e-12    35.0612    35.0601     101296   4220.625         26         26     100.00  -44.04916  146.28932      15.51          1    1498.34    197.170     0.0683 1.3243e-04      15.51          1  0.000e+00
    11.4648    11.4657   3.963673   3.963648    198.814    245.402    243.216    99.5238 1.0000e-12    35.0617    35.0605     101297   4220.667         26         26     100.00  -44.04916  146.28932      15.51          1    1498.34    197.123     0.0683 1.3243e-04      15.51          1  0.000e+00
    11.4649    11.4657   3.963685   3.963642    198.814    245.565    243.231    99.5238 1.0000e-12    35.0616    35.0605     101298   4220.708         26         26     100.00  -44.04916  146.28932      15.51          1    1498.34    197.123     0.0683 1.3243e-04      15.51          1  0.000e+00
    12.1466    12.1576   4.031374   4.032466     99.198    243.167    241.584    99.1340 1.0000e-12    35.1257    35.1260     105966   4415.208         27         27     100.00  -44.04914  146.28926      15.36          1    1499.11     98.378     0.2808 1.8897e-04      15.36          1  0.000e+00
    12.1465    12.1573   4.031368   4.032453     99.103    243.521    241.587    99.1600 1.0000e-12    35.1258    35.1262     105967   4415.250         27         27     100.00  -44.04914  146.28926      15.36          1    1499.11     98.283     0.2808 1.8897e-04      15.36          1  0.000e+00
    12.1471    12.1573   4.031432   4.032466     99.225    243.377    241.566    99.1340 1.0000e-12    35.1258    35.1263     105968   4415.292         27         27     100.00  -44.04914  146.28926      15.36          1    1499.12     98.405     0.2808 1.8720e-04      15.36          1  0.000e+00
    12.1468    12.1576   4.031548   4.032531     99.198    243.383    241.538    99.1080 1.0000e-12    35.1272    35.1266     105969   4415.333         27         27     100.00  -44.04914  146.28926      15.36          1    1499.12     98.378     0.2808 1.8720e-04      15.36          1  0.000e+00
    12.1465    12.1581   4.031645   4.032550     99.198    243.407    241.318    99.1340 1.0000e-12    35.1285    35.1263     105970   4415.375         27         27     100.00  -44.04914  146.28926      15.36          1    1499.12     98.378     0.2808 1.8720e-04      15.36          1  0.000e+00
    12.1466    12.1584   4.031677   4.032569     99.178    243.409    241.261    99.1080 1.0000e-12    35.1287    35.1262     105971   4415.417         27         27     100.00  -44.04914  146.28926      15.36          1    1499.12     98.358     0.2808 1.8720e-04      15.36          1  0.000e+00
    12.1468    12.1584   4.031697   4.032582     99.198    243.410    241.207    99.0041 1.0000e-12    35.1287    35.1263     105972   4415.458         27         27     100.00  -44.04914  146.28926      15.36          1    1499.12     98.378     0.2808 1.8720e-04      15.36          1  0.000e+00
    12.1463    12.1586   4.031710   4.032582     99.151    243.238    241.151    98.9781 1.0000e-12    35.1293    35.1262     105973   4415.500         27         27     100.00  -44.04914  146.28926      15.36          1    1499.12     98.331     0.2735 1.8720e-04      15.36          1  0.000e+00
    12.1471    12.1588   4.031735   4.032556     99.225    243.388    241.098    98.9781 1.0000e-12    35.1287    35.1258     105974   4415.542         27         27     100.00  -44.04914  146.28926      15.36          1    1499.12     98.405     0.2808 1.8720e-04      15.36          1  0.000e+00
    12.1486    12.1584   4.031722   4.032595     99.198    243.378    241.044    98.9781 1.0000e-12    35.1272    35.1265     105975   4415.583         27         27     100.00  -44.04914  146.28926      15.36          1    1499.12     98.378     0.2808 1.8720e-04      15.36          1  0.000e+00
    12.1508    12.1586   4.031755   4.032595     99.198    243.362    240.988    98.9781 1.0000e-12    35.1255    35.1263     105976   4415.625         27         27     100.00  -44.04914  146.28926      15.36          1    1499.13     98.378     0.2808 1.8720e-04      15.36          1  0.000e+00
    12.1521    12.1588   4.031832   4.032582     99.226    243.367    240.935    98.9781 1.0000e-12    35.1250    35.1260     105977   4415.667         27         27     100.00  -44.04914  146.28926      15.36          1    1499.13     98.405     0.2735 1.8720e-04      15.36          1  0.000e+00
    12.1523    12.1586   4.031922   4.032608     99.151    243.352    240.878    98.9781 1.0000e-12    35.1257    35.1264     105978   4415.708         27         27     100.00  -44.04914  146.28926      15.36          1    1499.13     98.331     0.2808 1.8720e-04      15.36          1  0.000e+00
    12.1533    12.1588   4.032064   4.032595     99.246    243.336    240.826    98.9781 1.0000e-12    35.1261    35.1261     105979   4415.750         27         27     100.00  -44.04914  146.28926      15.36          1    1499.14     98.425     0.2735 1.8720e-04      15.36          1  0.000e+00
    12.1545    12.1586   4.032090   4.032582     99.178    243.505    240.579    98.9781 1.0000e-12    35.1253    35.1262     105980   4415.792         27         27     100.00  -44.04914  146.28926      15.36          1    1499.14     98.358     0.2808 1.8720e-04      15.36          1  0.000e+00
    12.1558    12.1588   4.032232   4.032556     99.198    243.327    240.528    98.9781 1.0000e-12    35.1255    35.1258     105981   4415.833         27         27     100.00  -44.04914  146.28926      15.36          1    1499.14     98.378     0.2735 1.8720e-04      15.36          1  0.000e+00
    12.1569    12.1588   4.032322   4.032595     99.246    243.304    240.450    98.9781 1.0000e-12    35.1252    35.1261     105982   4415.875         27         27     100.00  -44.04914  146.28926      15.36          1    1499.15     98.425     0.2808 1.8720e-04      15.36          1  0.000e+00
    12.1577    12.1591   4.032373   4.032614     99.178    243.467    240.398    98.9781 1.0000e-12    35.1251    35.1260     105983   4415.917         27         27     100.00  -44.04914  146.28926      15.36          1    1499.15     98.358     0.2735 1.8720e-04      15.36          1  0.000e+00
    12.1576    12.1591   4.032425   4.032614     99.246    243.291    240.353    98.9781 1.0000e-12    35.1256    35.1260     105984   4415.958         27         27     100.00  -44.04914  146.28926      15.36          1    1499.15     98.425     0.2735 1.8720e-04      15.36          1  0.000e+00
    12.1569    12.1594   4.032451   4.032646     99.198    243.266    240.306    98.9781 1.0000e-12    35.1265    35.1260     105985   4416.000         27         27     100.00  -44.04914  146.28926      15.36          1    1499.15     98.378     0.2735 1.8720e-04      15.36          1  0.000e+00
    12.1566    12.1596   4.032496   4.032653     99.226    243.239    240.265    98.9781 1.0000e-12    35.1272    35.1259     105986   4416.042         27         27     100.00  -44.04914  146.28926      15.36          1    1499.15     98.405     0.2735 1.8720e-04      15.36          1  0.000e+00
    12.1561    12.1594   4.032425   4.032679     99.246    243.402    240.226    98.9781 1.0000e-12    35.1270    35.1263     105987   4416.083         27         27     100.00  -44.04914  146.28926      15.36          1    1499.15     98.425     0.2808 1.8720e-04      15.36          1  0.000e+00
    12.1555    12.1598   4.032386   4.032685     99.198    243.217    240.186    98.9781 1.0000e-12    35.1272    35.1261     105988   4416.125         27         27     100.00  -44.04914  146.28926      15.36          1    1499.14     98.378     0.2735 1.8720e-04      15.36          1  0.000e+00
    12.1549    12.1594   4.032367   4.032685     99.226    243.204    240.154    98.9781 1.0000e-12    35.1276    35.1264     105989   4416.167         27         27     100.00  -44.04914  146.28926      15.36          1    1499.14     98.405     0.2881 1.8897e-04      15.36          1  0.000e+00
    12.1551    12.1594   4.032348   4.032691     99.246    243.358    240.122    98.9781 1.0000e-12    35.1272    35.1264     105990   4416.208         27         27     100.00  -44.04914  146.28926      15.36          1    1499.14     98.426     0.3467 1.8897e-04      15.36          1  0.000e+00
    12.1555    12.1596   4.032283   4.032711     99.246    243.184    240.091    98.9521 1.0000e-12    35.1262    35.1265     105991   4416.250         27         27     100.00  -44.04914  146.28926      15.36          1    1499.14     98.426     0.3687 1.8897e-04      15.36          1  0.000e+00
    12.1561    12.1596   4.032302   4.032698     99.226    243.159    240.063    98.6923 1.0000e-12    35.1258    35.1264     105992   4416.292         27         27     100.00  -44.04914  146.28926      15.36          1    1499.15     98.405     0.3687 1.8897e-04      15.36          1  0.000e+00
    12.1566    12.1598   4.032373   4.032685     99.246    243.152    240.037    98.5623 1.0000e-12    35.1260    35.1261     105993   4416.333         27         27     100.00  -44.04914  146.28926      15.36          1    1499.15     98.426     0.3687 1.8897e-04      15.36          1  0.000e+00
    12.1568    12.1599   4.032464   4.032717     99.246    243.126    240.013    98.5363 1.0000e-12    35.1267    35.1262     105994   4416.375         27         27     100.00  -44.04914  146.28926      15.36          1    1499.15     98.426     0.3614 1.8897e-04      15.36          1  0.000e+00
    12.1574    12.1598   4.032470   4.032672     99.274    243.099    239.994    98.5623 1.0000e-12    35.1262    35.1259     105995   4416.417         27         27     100.00  -44.04914  146.28926      15.36          1    1499.15     98.453     0.3687 1.8897e-04      15.36          1  0.000e+00
    12.1578    12.1593   4.032509   4.032627     99.301    243.090    239.979    98.5623 1.0000e-12    35.1262    35.1259     105996   4416.458         27         27     100.00  -44.04914  146.28926      15.36          1    1499.15     98.480     0.3614 1.8897e-04      15.36          1  0.000e+00
    12.1578    12.1589   4.032586   4.032614     99.246    243.078    239.963    98.5623 1.0000e-12    35.1270    35.1262     105997   4416.500         27         27      99.54  -44.04914  146.28926      15.36          1    1499.15     98.426     0.3614 1.8897e-04      15.36          1  0.000e+00
    12.1576    12.1586   4.032573   4.032563     99.274    243.052    239.951    98.5623 1.0000e-12    35.1270    35.1259     105998   4416.542         27         27      99.24  -44.04914  146.28926      15.36          1    1499.15     98.453     0.3687 1.8897e-04      15.36          1  0.000e+00
    12.1579    12.1579   4.032573   4.032518     99.301    242.850    239.944    98.5623 1.0000e-12    35.1267    35.1262     105999   4416.583         27         27      98.97  -44.04914  146.28926      15.36          1    1499.15     98.480     0.3614 1.8897e-04      15.36          1  0.000e+00
    12.1580    12.1576   4.032580   4.032460     99.301    242.992    239.937    98.5363 1.0000e-12    35.1267    35.1259     106000   4416.625         27         27      99.05  -44.04914  146.28926      15.36          1    1499.15     98.480     0.3614 1.8897e-04      15.36          1  0.000e+00
    12.1579    12.1571   4.032618   4.032421     99.274    242.978    239.931    98.5623 1.0000e-12    35.1271    35.1260     106001   4416.667         27         27      99.58  -44.04914  146.28926      15.36          1    1499.15     98.453     0.3614 1.8897e-04      15.36          1  0.000e+00
    12.1577    12.1568   4.032592   4.032383     99.301    242.948    239.958    98.5623 1.0000e-12    35.1271    35.1259     106002   4416.708         27         27     100.00  -44.04914  146.28926      15.36          1    1499.15     98.480     0.3614 1.8897e-04      15.36          1  0.000e+00
    12.1573    12.1565   4.032560   4.032376     99.301    242.935    239.958    98.5623 1.0000e-12    35.1272    35.1262     106003   4416.750         27         27     100.00  -44.04914  146.28926      15.36          1    1499.15     98.480     0.3687 1.8897e-04      15.36          1  0.000e+00
    12.1571    12.1566   4.032541   4.032376     99.328    242.921    239.988    98.5623 1.0000e-12    35.1272    35.1260     106004   4416.792         27         27     100.00  -44.04914  146.28924      15.36          1    1499.15     98.507     0.3614 1.8897e-04      15.36          1  0.000e+00
    12.1558    12.1569   4.032528   4.032428     99.301    242.909    240.019    98.5363 1.0000e-12    35.1283    35.1262     106005   4416.833         27         27     100.00  -44.04914  146.28924      15.36          1    1499.15     98.480     0.3614 1.8897e-04      15.36          1  0.000e+00
    12.1554    12.1575   4.032509   4.032492     99.349    243.067    240.055    98.5623 1.0000e-12    35.1284    35.1263     106006   4416.875         27         27     100.00  -44.04914  146.28924      15.36          1    1499.15     98.527     0.3614 1.8897e-04      15.36          1  0.000e+00
    12.1561    12.1579   4.032470   4.032511     99.328    242.892    240.093    98.5623 1.0000e-12    35.1274    35.1261     106007   4416.917         27         27     100.00  -44.04914  146.28924      15.36          1    1499.15     98.507     0.3687 1.8897e-04      15.36          1  0.000e+00
