example_project/CTD/in2018_v01_002.ros
* Sea-Bird SBE 9 Data File:
* FileName = D:\lowered_ctd\in2018_v01\seasave\in2018_v01_001\in2018_v01_002.hex
* Software Version Seasave V 7.26.7.107
* Temperature SN = 6189
* Conductivity SN = 4685
* Number of Bytes Per Scan = 37
* Number of Voltage Words = 4
* Number of Scans Averaged by the Deck Unit = 1
* NMEA Latitude = 44 02.98 S
* NMEA Longitude = 146 17.41 E
* NMEA UTC (Time) = Jan 11 2018 11:12:11
** Operator:
** CTD config:
** Ship: Investigator
** Cruise: in2018_v01
** Station:  in2018_v01_002
** Latitude:  -44 02.986
** Longitude:  146 17.403
** Depth:  0555
# nquan = 27
# nvalues = 5220                                  
# units = specified
# name 0 = t090C: Temperature [ITS-90, deg C]
# name 1 = t190C: Temperature, 2 [ITS-90, deg C]
# name 2 = c0S/m: Conductivity [S/m]
# name 3 = c1S/m: Conductivity, 2 [S/m]
# name 4 = prDM: Pressure, Digiquartz [db]
# name 5 = sbeox0Mm/L: Oxygen, SBE 43 [umol/l]
# name 6 = sbeox1Mm/L: Oxygen, SBE 43, 2 [umol/l]
# name 7 = CStarTr0: Beam Transmission, WET Labs C-Star [%]
# name 8 = par: PAR/Irradiance, Biospherical/Licor [umol photons/m^2/sec]
# name 9 = sal00: Salinity, Practical [PSU]
# name 10 = sal11: Salinity, Practical, 2 [PSU]
# name 11 = scan: Scan Count
# name 12 = timeS: Time, Elapsed [seconds]
# name 13 = nbf: Bottles Fired
# name 14 = bpos: Bottle Position in Carousel
# name 15 = altM: Altimeter [m]
# name 16 = latitude: Latitude [deg]
# name 17 = longitude: Longitude [deg]
# name 18 = ptempC: Pressure Temperature [deg C]
# name 19 = pumps: Pump Status
# name 20 = svCM: Sound Velocity [Chen-Millero, m/s]
# name 21 = depSM: Depth [salt water, m]
# name 22 = flECO-AFL: Fluorescence, WET Labs ECO-AFL/FL [mg/m^3]
# name 23 = turbWETbb0: Turbidity, WET Labs ECO BB [m^-1/sr]
# name 24 = ptempC: Pressure Temperature [deg C]
# name 25 = pumps: Pump Status
# name 26 = flag:  0.000e+00
# interval = seconds: 0.0416667
# start_time = Jan 11 2018 11:12:11 [NMEA time, header]
# bad_flag = -9.990e-29
*END*
[from data line 484]
     9.2557     9.2469   3.731014   3.730299    519.726    235.014    232.882    99.5757 1.0000e-12    34.6787    34.6798      71395   2974.750          4          4      50.72  -44.04962  146.28994      16.56          1    1495.31    514.905     0.0610 1.3243e-04      16.56          1  0.000e+00
     9.2559     9.2471   3.731052   3.730286    519.739    235.027    232.918    99.5498 1.0000e-12    34.6789    34.6794      71396   2974.792          4          4      50.72  -44.04962  146.28992      16.56          1    1495.31    514.919     0.0610 1.3243e-04      16.56          1  0.000e+00
     9.2560     9.2472   3.731045   3.730261    519.739    235.066    232.953    99.5757 1.0000e-12    34.6787    34.6790      71397   2974.833          4          4      50.77  -44.04962  146.28992      16.59          1    1495.31    514.919     0.0610 1.3243e-04      16.59          1  0.000e+00
     9.2560     9.2472   3.731014   3.730305    519.774    235.082    232.989    99.5757 1.0000e-12    34.6784    34.6795      71398   2974.875          4          4      50.77  -44.04962  146.28992      16.56          1    1495.31    514.953     0.0610 1.3243e-04      16.56          1  0.000e+00
     9.2557     9.2477   3.731052   3.730261    519.739    235.096    233.023    99.5757 1.0000e-12    34.6791    34.6786      71399   2974.917          4          4      50.77  -44.04962  146.28992      16.56          1    1495.31    514.919     0.0610 1.3243e-04      16.56          1  0.000e+00
     9.2556     9.2482   3.731045   3.730280    519.739    235.112    233.056    99.5498 1.0000e-12    34.6791    34.6783      71400   2974.958          4          4      50.84  -44.04962  146.28992      16.56          1    1495.31    514.919     0.0610 1.3243e-04      16.56          1  0.000e+00
     9.2552     9.2485   3.731039   3.730293    519.794    235.156    233.092    99.5757 1.0000e-12    34.6794    34.6781      71401   2975.000          4          4      50.89  -44.04962  146.28992      16.55          1    1495.31    514.973     0.0610 1.3243e-04      16.55          1  0.000e+00
     9.2550     9.2487   3.731014   3.730255    519.726    235.170    233.126    99.5498 1.0000e-12    34.6793    34.6776      71402   2975.042          4          4      50.89  -44.04962  146.28992      16.56          1    1495.30    514.905     0.0610 1.3243e-04      16.56          1  0.000e+00
     9.2546     9.2489   3.730958   3.730230    519.794    235.191    233.164    99.5498 1.0000e-12    34.6791    34.6771      71403   2975.083          4          4      50.87  -44.04962  146.28992      16.56          1    1495.30    514.973     0.0610 1.3243e-04      16.56          1  0.000e+00
     9.2547     9.2487   3.730939   3.730199    519.794    235.206    233.201    99.5498 1.0000e-12    34.6788    34.6770      71404   2975.125          4          4      50.77  -44.04962  146.28992      16.56          1    1495.30    514.973     0.0610 1.3243e-04      16.56          1  0.000e+00
     9.2545     9.2487   3.730914   3.730180    519.774    235.222    233.236    99.5498 1.0000e-12    34.6787    34.6767      71405   2975.167          4          4      50.72  -44.04962  146.28992      16.56          1    1495.30    514.953     0.0610 1.3243e-04      16.56          1  0.000e+00
     9.2549     9.2484   3.730958   3.730186    519.739    235.235    233.272    99.5498 1.0000e-12    34.6789    34.6772      71406   2975.208          4          4      50.72  -44.04962  146.28992      16.56          1    1495.30    514.919     0.0610 1.3243e-04      16.56          1  0.000e+00
     9.2547     9.2489   3.730920   3.730193    519.794    235.227    233.307    99.5498 1.0000e-12    34.6786    34.6767      71407   2975.250          4          4      50.72  -44.04962  146.28992      16.56          1    1495.30    514.973     0.0610 1.3243e-04      16.56          1  0.000e+00
     9.2549     9.2510   3.730958   3.730355    519.822    235.241    233.557    99.5498 1.0000e-12    34.6788    34.6764      71408   2975.292          4          4      50.72  -44.04962  146.28992      16.56          1    1495.30    515.001     0.0610 1.3243e-04      16.56          1  0.000e+00
     9.2559     9.2528   3.731020   3.730517    519.794    235.025    233.620    99.5498 1.0000e-12    34.6785    34.6763      71409   2975.333          4          4      50.72  -44.04962  146.28992      16.55          1    1495.31    514.973     0.0610 1.3243e-04      16.55          1  0.000e+00
     9.2568     9.2533   3.731089   3.730629    519.795    235.183    233.688    99.5498 1.0000e-12    34.6783    34.6770      71410   2975.375          4          4      50.72  -44.04962  146.28992      16.55          1    1495.31    514.974     0.0610 1.3243e-04      16.55          1  0.000e+00
     9.2576     9.2528   3.731108   3.730667    519.822    235.194    233.719    99.5498 1.0000e-12    34.6777    34.6779      71411   2975.417          4          4      50.72  -44.04962  146.28992      16.56          1    1495.31    515.001     0.0537 1.3243e-04      16.56          1  0.000e+00
     9.2578     9.2526   3.731152   3.730704    519.795    235.205    233.785    99.5498 1.0000e-12    34.6780    34.6784      71412   2975.458          4          4      50.72  -44.04962  146.28992      16.56          1    1495.31    514.974     0.0610 1.3243e-04      16.56          1  0.000e+00
     9.2580     9.2534   3.731195   3.730791    519.795    235.191    233.845    99.5498 1.0000e-12    34.6783    34.6786      71413   2975.500          4          4      50.72  -44.04962  146.28992      16.56          1    1495.31    514.974     0.0610 1.3243e-04      16.56          1  0.000e+00
     9.2576     9.2543   3.731177   3.730816    519.843    235.207    233.906    99.5498 1.0000e-12    34.6784    34.6779      71414   2975.542          4          4      50.67  -44.04962  146.28992      16.56          1    1495.31    515.021     0.0610 1.3243e-04      16.56          1  0.000e+00
     9.2581     9.2550   3.731220   3.730929    519.822    235.216    233.922    99.5498 1.0000e-12    34.6784    34.6784      71415   2975.583          4          4      50.65  -44.04962  146.28992      16.56          1    1495.32    515.001     0.0537 1.3243e-04      16.56          1  0.000e+00
     9.2580     9.2562   3.731239   3.731022    519.843    235.004    233.935    99.5498 1.0000e-12    34.6788    34.6782      71416   2975.625          4          4      50.62  -44.04962  146.28992      16.55          1    1495.32    515.021     0.0610 1.3243e-04      16.55          1  0.000e+00
     9.2580     9.2568   3.731208   3.731097    519.843    235.165    233.986    99.5498 1.0000e-12    34.6784    34.6784      71417   2975.667          4          4      50.62  -44.04962  146.28992      16.56          1    1495.32    515.021     0.0537 1.3243e-04      16.56          1  0.000e+00
     9.2578     9.2575   3.731227   3.731128    519.822    235.176    233.996    99.5498 1.0000e-12    34.6788    34.6781      71418   2975.708          4          4      50.60  -44.04962  146.28992      16.56          1    1495.31    515.001     0.0537 1.3420e-04      16.56          1  0.000e+00
     9.2576     9.2579   3.731208   3.731191    519.843    235.190    233.779    99.5498 1.0000e-12    34.6788    34.6783      71419   2975.750          4          4      50.57  -44.04962  146.28992      16.56          1    1495.31    515.021     0.0463 1.3596e-04      16.56          1  0.000e+00
     9.2576     9.2580   3.731227   3.731234    519.843    235.175    233.972    99.5498 1.0000e-12    34.6790    34.6787      71420   2975.792          4          4      50.57  -44.04964  146.28992      16.56          1    1495.31    515.021     0.0463 1.3596e-04      16.56          1  0.000e+00
     9.2572     9.2588   3.731239   3.731334    519.877    235.188    233.973    99.5498 1.0000e-12    34.6795    34.6789      71421   2975.833          4          4      50.57  -44.04964  146.28992      16.56          1    1495.31    515.055     0.0463 1.3596e-04      16.56          1  0.000e+00
     9.2572     9.2593   3.731183   3.731421    519.843    235.198    233.970    99.5498 1.0000e-12    34.6789    34.6794      71422   2975.875          4          4      50.55  -44.04964  146.28992      16.56          1    1495.31    515.021     0.0463 1.3596e-04      16.56          1  0.000e+00
     9.2570     9.2601   3.731170   3.731390    519.898    235.385    233.743    99.5238 1.0000e-12    34.6790    34.6782      71423   2975.917          4          4      50.55  -44.04964  146.28992      16.56          1    1495.31    515.076     0.0463 1.3596e-04      16.56          1  0.000e+00
     9.2572     9.2605   3.731120   3.731397    519.822    235.390    233.921    99.5757 1.0000e-12    34.6783    34.6780      71424   2975.958          4          4      50.55  -44.04964  146.28992      16.56          1    1495.31    515.001     0.0463 1.3596e-04      16.56          1  0.000e+00
     9.2570     9.2603   3.731177   3.731397    519.898    235.224    233.918    99.5757 1.0000e-12    34.6790    34.6782      71425   2976.000          4          4      50.55  -44.04964  146.28992      16.56          1    1495.31    515.076     0.0463 1.3596e-04      16.56          1  0.000e+00
     9.2573     9.2601   3.731177   3.731378    519.898    235.203    233.909    99.6017 1.0000e-12    34.6787    34.6781      71426   2976.042          4          4      50.55  -44.04964  146.28992      16.56          1    1495.31    515.076     0.0463 1.3596e-04      16.56          1  0.000e+00
     9.2572     9.2598   3.731189   3.731378    519.843    235.380    233.896    99.5757 1.0000e-12    34.6790    34.6785      71427   2976.083          4          4      50.55  -44.04964  146.28992      16.56          1    1495.31    515.021     0.0463 1.3596e-04      16.56          1  0.000e+00
     9.2570     9.2606   3.731227   3.731365    519.877    235.409    233.877    99.6017 1.0000e-12    34.6796    34.6775      71428   2976.125          4          4      50.62  -44.04964  146.28992      16.55          1    1495.31    515.055     0.0463 1.3596e-04      16.55          1  0.000e+00
     9.2573     9.2606   3.731189   3.731372    519.898    235.237    233.858    99.6017 1.0000e-12    34.6789    34.6776      71429   2976.167          4          4      50.74  -44.04964  146.28992      16.59          1    1495.31    515.076     0.0463 1.3420e-04      16.59          1  0.000e+00
     9.2572     9.2604   3.731170   3.731347    519.898    235.214    233.837    99.6017 1.0000e-12    34.6788    34.6775      71430   2976.208          4          4      50.74  -44.04964  146.28992      16.55          1    1495.31    515.076     0.0463 1.3596e-04      16.55          1  0.000e+00
     9.2573     9.2604   3.731170   3.731340    519.877    235.214    233.810    99.5757 1.0000e-12    34.6787    34.6774      71431   2976.250          4          4      50.74  -44.04964  146.28992      16.56          1    1495.31    515.055     0.0463 1.3596e-04      16.56          1  0.000e+00
     9.2572     9.2598   3.731189   3.731284    519.843    235.214    233.784    99.6017 1.0000e-12    34.6790    34.6775      71432   2976.292          4          4      50.67  -44.04964  146.28992      16.56          1    1495.31    515.022     0.0463 1.3596e-04      16.56          1  0.000e+00
     9.2573     9.2593   3.731127   3.731272    519.898    235.217    233.755    99.5757 1.0000e-12    34.6782    34.6778      71433   2976.333          4          4      50.60  -44.04964  146.28992      16.56          1    1495.31    515.076     0.0463 1.3596e-04      16.56          1  0.000e+00
     9.2572     9.2591   3.731127   3.731253    519.925    235.393    233.762    99.5757 1.0000e-12    34.6783    34.6778      71434   2976.375          4          4      50.60  -44.04964  146.28992      16.56          1    1495.31    515.103     0.0463 1.3596e-04      16.56          1  0.000e+00
     9.2570     9.2589   3.731114   3.731259    519.843    235.216    233.723    99.6017 1.0000e-12    34.6784    34.6781      71435   2976.417          4          4      50.57  -44.04964  146.28992      16.56          1    1495.31    515.022     0.0463 1.3596e-04      16.56          1  0.000e+00
     9.2562     9.2591   3.731077   3.731172    519.898    235.220    233.684    99.5757 1.0000e-12    34.6788    34.6769      71436   2976.458          4          4      50.53  -44.04964  146.28992      16.56          1    1495.31    515.076     0.0463 1.3420e-04      16.56          1  0.000e+00
     9.2559     9.2586   3.731070   3.731147    519.823    235.392    233.681    99.5757 1.0000e-12    34.6790    34.6772      71437   2976.500          4          4      50.50  -44.04964  146.28992      16.56          1    1495.31    515.001     0.0463 1.3596e-04      16.56          1  0.000e+00
     9.2552     9.2581   3.731070   3.731147    519.898    235.419    233.680    99.5757 1.0000e-12    34.6797    34.6776      71438   2976.542          4          4      50.50  -44.04964  146.28992      16.56          1    1495.31    515.076     0.0463 1.3596e-04      16.56          1  0.000e+00
     9.2534     9.2575   3.731021   3.731110    519.898    235.448    233.636    99.5757 1.0000e-12    34.6809    34.6779      71439   2976.583          4          4      50.53  -44.04964  146.28992      16.56          1    1495.30    515.076     0.0463 1.3596e-04      16.56          1  0.000e+00
     9.2510     9.2563   3.730908   3.731035    519.823    235.676    233.630    99.6017 1.0000e-12    34.6821    34.6783      71440   2976.625          4          4      50.50  -44.04964  146.28992      16.56          1    1495.29    515.001     0.0463 1.3596e-04      16.56          1  0.000e+00
     9.2495     9.2554   3.730777   3.730941    519.843    235.502    233.624    99.5757 1.0000e-12    34.6822    34.6782      71441   2976.667          4          4      50.50  -44.04964  146.28992      16.56          1    1495.29    515.022     0.0463 1.3596e-04      16.56          1  0.000e+00
     9.2484     9.2544   3.730646   3.730804    519.898    235.526    233.619    99.5757 1.0000e-12    34.6819    34.6777      71442   2976.708          4          4      50.53  -44.04964  146.28992      16.56          1    1495.29    515.076     0.0463 1.3596e-04      16.56          1  0.000e+00
     9.2486     9.2534   3.730583   3.730629    519.795    235.338    233.608    99.5757 1.0000e-12    34.6810    34.6769      71443   2976.750          4          4      50.60  -44.04964  146.28992      16.56          1    1495.28    514.974     0.0463 1.3420e-04      16.56          1  0.000e+00
     9.2496     9.2525   3.730477   3.730511    519.823    235.526    233.374    99.5757 1.0000e-12    34.6789    34.6765      71444   2976.792          4          4      50.65  -44.04964  146.28992      16.56          1    1495.29    515.001     0.0463 1.3066e-04      16.56          1  0.000e+00
     9.2501     9.2517   3.730496   3.730399    519.898    235.539    233.550    99.5757 1.0000e-12    34.6786    34.6761      71445   2976.833          4          4      50.62  -44.04964  146.28992      16.55          1    1495.29    515.076     0.0463 1.2890e-04      16.55          1  0.000e+00
     9.2505     9.2515   3.730533   3.730411    519.795    235.547    233.530    99.5757 1.0000e-12    34.6787    34.6765      71446   2976.875          4          4      50.60  -44.04964  146.28992      16.55          1    1495.29    514.974     0.0463 1.2890e-04      16.55          1  0.000e+00
