example_project/CTD/in2018_v01_001.ros
* Sea-Bird SBE 9 Data File:
* FileName = D:\lowered_ctd\in2018_v01\seasave\in2018_v01_001\in2018_v01_001.hex
* Software Version Seasave V 7.26.7.107
* Temperature SN = 6189
* Conductivity SN = 4685
* Number of Bytes Per Scan = 37
* Number of Voltage Words = 4
* Number of Scans Averaged by the Deck Unit = 1
* NMEA Latitude = 44 00.10 S
* NMEA Longitude = 146 19.25 E
* NMEA UTC (Time) = Jan 11 2018 08:11:00
** Operator:
** CTD config:
** Ship: Investigator
** Cruise: in2018_v01
** Station:  in2018_v01_001
** Latitude:  -44 00.110
** Longitude:  146 19.252
** Depth:  0244
# nquan = 27
# nvalues = 5220                                  
# units = specified
# name 0 = t090C: Temperature [ITS-90, deg C]
# name 1 = t190C: Temperature, 2 [ITS-90, deg C]
# name 2 = c0S/m: Conductivity [S/m]
# name 3 = c1S/m: Conductivity, 2 [S/m]
# name 4 = prDM: Pressure, Digiquartz [db]
# name 5 = sbeox0Mm/L: Oxygen, SBE 43 [umol/l]
# name 6 = sbeox1Mm/L: Oxygen, SBE 43, 2 [umol/l]
# name 7 = CStarTr0: Beam Transmission, WET Labs C-Star [%]
# name 8 = par: PAR/Irradiance, Biospherical/Licor [umol photons/m^2/sec]
# name 9 = sal00: Salinity, Practical [PSU]
# name 10 = sal11: Salinity, Practical, 2 [PSU]
# name 11 = scan: Scan Count
# name 12 = timeS: Time, Elapsed [seconds]
# name 13 = nbf: Bottles Fired
# name 14 = bpos: Bottle Position in Carousel
# name 15 = altM: Altimeter [m]
# name 16 = latitude: Latitude [deg]
# name 17 = longitude: Longitude [deg]
# name 18 = ptempC: Pressure Temperature [deg C]
# name 19 = pumps: Pump Status
# name 20 = svCM: Sound Velocity [Chen-Millero, m/s]
# name 21 = depSM: Depth [salt water, m]
# name 22 = flECO-AFL: Fluorescence, WET Labs ECO-AFL/FL [mg/m^3]
# name 23 = turbWETbb0: Turbidity, WET Labs ECO BB [m^-1/sr]
# name 24 = ptempC: Pressure Temperature [deg C]
# name 25 = pumps: Pump Status
# name 26 = flag:  0.000e+00
# interval = seconds: 0.0416667
# start_time = Jan 11 2018 08:11:00 [NMEA time, header]
# bad_flag = -9.990e-29
*END*
[from data line 3974]
    14.1442    14.1442   4.225704   4.225577     30.784    246.648    246.455    91.7803 3.3059e+00    35.1534    35.1522      52298   2179.042         28         28     100.00  -44.00200  146.32102      20.94          1    1504.63     30.534     1.2844 3.1618e-04      20.94          1  0.000e+00
    14.1433    14.1444   4.225698   4.225583     30.784    246.664    246.468    91.7543 3.3059e+00    35.1541    35.1521      52299   2179.083         28         28     100.00  -44.00200  146.32102      20.94          1    1504.63     30.534     1.2918 3.1618e-04      20.94          1  0.000e+00
    14.1432    14.1452   4.225671   4.225629     30.784    246.677    246.477    91.7283 3.3153e+00    35.1540    35.1518      52300   2179.125         28         28     100.00  -44.00200  146.32102      20.94          1    1504.63     30.534     1.2918 3.1441e-04      20.94          1  0.000e+00
    14.1432    14.1452   4.225586   4.225597     30.729    246.525    246.485    91.7283 3.3059e+00    35.1532    35.1515      52301   2179.167         28         28     100.00  -44.00200  146.32102      20.94          1    1504.63     30.480     1.2918 3.1618e-04      20.94          1  0.000e+00
    14.1422    14.1447   4.225586   4.225505     30.729    246.668    246.496    91.7543 3.3059e+00    35.1541    35.1511      52302   2179.208         28         28     100.00  -44.00200  146.32102      20.94          1    1504.62     30.481     1.2918 3.1618e-04      20.94          1  0.000e+00
    14.1417    14.1437   4.225507   4.225439     30.729    246.501    246.507    91.7543 3.3153e+00    35.1539    35.1514      52303   2179.250         28         28     100.00  -44.00200  146.32102      20.94          1    1504.62     30.481     1.2918 3.1441e-04      20.94          1  0.000e+00
    14.1414    14.1432   4.225435   4.225406     30.729    246.510    246.513    91.7543 3.3248e+00    35.1535    35.1516      52304   2179.292         28         28     100.00  -44.00200  146.32102      20.94          1    1504.62     30.481     1.2918 3.1441e-04      20.94          1  0.000e+00
    14.1410    14.1430   4.225323   4.225400     30.702    246.504    246.515    91.8063 3.3248e+00    35.1528    35.1516      52305   2179.333         28         28     100.00  -44.00200  146.32102      20.94          1    1504.62     30.454     1.2918 3.1618e-04      20.94          1  0.000e+00
    14.1412    14.1435   4.225310   4.225426     30.682    246.655    246.512    91.8843 3.3343e+00    35.1525    35.1514      52306   2179.375         28         28     100.00  -44.00200  146.32102      20.94          1    1504.62     30.433     1.2918 3.1618e-04      20.94          1  0.000e+00
    14.1414    14.1440   4.225330   4.225485     30.682    246.658    246.508    91.9102 3.3343e+00    35.1525    35.1516      52307   2179.417         28         28     100.00  -44.00200  146.32102      20.94          1    1504.62     30.433     1.2918 3.1618e-04      20.94          1  0.000e+00
    14.1418    14.1444   4.225356   4.225538     30.682    246.675    246.501    91.9102 3.3343e+00    35.1523    35.1517      52308   2179.458         28         28     100.00  -44.00200  146.32102      20.94          1    1504.62     30.433     1.2918 3.1618e-04      20.94          1  0.000e+00
    14.1420    14.1445   4.225382   4.225551     30.682    246.677    246.470    91.9362 3.3438e+00    35.1524    35.1517      52309   2179.500         28         28     100.00  -44.00200  146.32102      20.94          1    1504.62     30.433     1.2918 3.1618e-04      20.94          1  0.000e+00
    14.1420    14.1444   4.225402   4.225485     30.634    246.676    246.461    91.9102 3.3438e+00    35.1526    35.1512      52310   2179.542         28         28     100.00  -44.00200  146.32102      20.94          1    1504.62     30.386     1.2918 3.1618e-04      20.94          1  0.000e+00
    14.1424    14.1437   4.225428   4.225413     30.634    246.675    246.454    91.9102 3.3533e+00    35.1525    35.1512      52311   2179.583         28         28     100.00  -44.00200  146.32102      20.94          1    1504.62     30.386     1.2918 3.1618e-04      20.94          1  0.000e+00
    14.1425    14.1430   4.225481   4.225374     30.634    246.672    246.264    91.9102 3.3629e+00    35.1529    35.1514      52312   2179.625         28         28     100.00  -44.00200  146.32102      20.94          1    1504.62     30.386     1.2918 3.1618e-04      20.94          1  0.000e+00
    14.1427    14.1427   4.225481   4.225367     30.634    246.669    246.407    91.9102 3.3629e+00    35.1527    35.1517      52313   2179.667         28         28     100.00  -44.00200  146.32102      20.94          1    1504.62     30.386     1.2918 3.1618e-04      20.94          1  0.000e+00
    14.1427    14.1427   4.225500   4.225387     30.587    246.663    246.390    91.9102 3.3725e+00    35.1529    35.1519      52314   2179.708         28         28     100.00  -44.00200  146.32102      20.94          1    1504.62     30.339     1.2918 3.1441e-04      20.94          1  0.000e+00
    14.1425    14.1430   4.225494   4.225478     30.587    246.659    246.190    91.9622 3.3821e+00    35.1530    35.1524      52315   2179.750         28         28     100.00  -44.00200  146.32102      20.94          1    1504.62     30.339     1.2918 3.1618e-04      20.94          1  0.000e+00
    14.1420    14.1432   4.225481   4.225511     30.607    246.655    246.326    91.9882 3.3918e+00    35.1534    35.1526      52316   2179.792         28         28     100.00  -44.00200  146.32102      20.94          1    1504.62     30.359     1.2918 3.1618e-04      20.94          1  0.000e+00
    14.1415    14.1435   4.225461   4.225505     30.587    246.811    246.125    91.9362 3.3918e+00    35.1537    35.1522      52317   2179.833         28         28     100.00  -44.00200  146.32102      20.94          1    1504.62     30.339     1.2918 3.1441e-04      20.94          1  0.000e+00
    14.1412    14.1433   4.225422   4.225485     30.532    246.817    246.257    91.8843 3.4015e+00    35.1536    35.1522      52318   2179.875         28         28     100.00  -44.00200  146.32102      20.94          1    1504.62     30.285     1.2918 3.1618e-04      20.94          1  0.000e+00
    14.1408    14.1435   4.225428   4.225498     30.587    246.823    246.235    91.8583 3.4112e+00    35.1539    35.1521      52319   2179.917         28         28     100.00  -44.00200  146.32102      20.94          1    1504.62     30.339     1.2918 3.1441e-04      20.94          1  0.000e+00
    14.1408    14.1435   4.225454   4.225485     30.532    246.823    246.207    91.7543 3.4112e+00    35.1542    35.1520      52320   2179.958         28         28     100.00  -44.00200  146.32102      20.94          1    1504.62     30.285     1.2698 3.1794e-04      20.94          1  0.000e+00
    14.1405    14.1437   4.225389   4.225551     30.532    246.987    246.178    91.7024 3.4209e+00    35.1539    35.1525      52321   2180.000         28         28     100.00  -44.00200  146.32102      20.94          1    1504.62     30.285     1.2039 3.2854e-04      20.94          1  0.000e+00
    14.1402    14.1437   4.225369   4.225498     30.532    246.839    246.174    91.8583 3.4404e+00    35.1540    35.1520      52322   2180.042         28         28     100.00  -44.00200  146.32102      20.94          1    1504.61     30.285     1.1892 3.3208e-04      20.94          1  0.000e+00
    14.1400    14.1439   4.225382   4.225531     30.485    246.834    246.141    91.9102 3.4503e+00    35.1543    35.1522      52323   2180.083         28         28     100.00  -44.00200  146.32102      20.94          1    1504.61     30.238     1.1819 3.3031e-04      20.94          1  0.000e+00
    14.1402    14.1437   4.225349   4.225537     30.533    246.829    246.134    91.8843 3.4503e+00    35.1539    35.1524      52324   2180.125         28         28     100.00  -44.00200  146.32102      20.94          1    1504.61     30.285     1.1892 3.3031e-04      20.94          1  0.000e+00
    14.1402    14.1440   4.225336   4.225518     30.485    246.981    246.123    91.6504 3.4700e+00    35.1538    35.1519      52325   2180.167         28         28     100.00  -44.00200  146.32102      20.94          1    1504.61     30.238     1.1892 3.3031e-04      20.94          1  0.000e+00
    14.1407    14.1437   4.225376   4.225537     30.485    246.983    246.089    91.4425 3.4700e+00    35.1536    35.1524      52326   2180.208         28         28     100.00  -44.00200  146.32102      20.94          1    1504.62     30.238     1.1892 3.3031e-04      20.94          1  0.000e+00
    14.1408    14.1440   4.225402   4.225518     30.458    246.821    246.255    91.4165 3.4700e+00    35.1537    35.1520      52327   2180.250         28         28     100.00  -44.00200  146.32102      20.94          1    1504.62     30.211     1.1892 3.3031e-04      20.94          1  0.000e+00
    14.1410    14.1439   4.225389   4.225531     30.485    246.823    246.087    91.4685 3.4799e+00    35.1535    35.1522      52328   2180.292         28         28     100.00  -44.00200  146.32102      20.94          1    1504.62     30.238     1.1892 3.3031e-04      20.94          1  0.000e+00
    14.1414    14.1439   4.225402   4.225544     30.437    246.981    246.070    91.5205 3.4898e+00    35.1533    35.1523      52329   2180.333         28         28     100.00  -44.00200  146.32100      20.94          1    1504.62     30.191     1.1892 3.3031e-04      20.94          1  0.000e+00
    14.1415    14.1439   4.225461   4.225518     30.485    246.816    246.236    91.5205 3.4898e+00    35.1537    35.1521      52330   2180.375         28         28     100.00  -44.00200  146.32100      20.94          1    1504.62     30.238     1.1892 3.3031e-04      20.94          1  0.000e+00
    14.1418    14.1439   4.225435   4.225531     30.485    246.795    246.062    91.5205 3.5097e+00    35.1531    35.1522      52331   2180.417         28         28     100.00  -44.00200  146.32100      20.94          1    1504.62     30.238     1.1892 3.3031e-04      20.94          1  0.000e+00
    14.1418    14.1440   4.225435   4.225491     30.383    246.785    246.220    91.5465 3.5097e+00    35.1532    35.1517      52332   2180.458         28         28     100.00  -44.00200  146.32100      20.94          1    1504.62     30.137     1.1892 3.3031e-04      20.94          1  0.000e+00
    14.1418    14.1440   4.225468   4.225498     30.485    246.942    246.225    91.5465 3.5097e+00    35.1534    35.1517      52333   2180.500         28         28     100.00  -44.00200  146.32100      20.94          1    1504.62     30.238     1.1892 3.3031e-04      20.94          1  0.000e+00
    14.1420    14.1442   4.225461   4.225511     30.383    246.944    246.223    91.5205 3.5298e+00    35.1533    35.1518      52334   2180.542         28         28     100.00  -44.00200  146.32100      20.94          1    1504.62     30.137     1.1892 3.3031e-04      20.94          1  0.000e+00
    14.1422    14.1445   4.225474   4.225505     30.437    246.965    246.222    91.4165 3.5298e+00    35.1532    35.1513      52335   2180.583         28         28     100.00  -44.00200  146.32100      20.94          1    1504.62     30.191     1.1892 3.3031e-04      20.94          1  0.000e+00
    14.1422    14.1444   4.225448   4.225537     30.437    246.806    246.219    91.4425 3.5298e+00    35.1530    35.1518      52336   2180.625         28         28     100.00  -44.00200  146.32100      20.94          1    1504.62     30.191     1.1892 3.3031e-04      20.94          1  0.000e+00
    14.1422    14.1445   4.225481   4.225518     30.383    246.951    246.237    91.5984 3.5399e+00    35.1533    35.1515      52337   2180.667         28         28     100.00  -44.00200  146.32100      20.94          1    1504.62     30.137     1.1892 3.3031e-04      20.94          1  0.000e+00
    14.1422    14.1449   4.225507   4.225505     30.410    246.805    246.256    91.6504 3.5500e+00    35.1535    35.1510      52338   2180.708         28         28     100.00  -44.00200  146.32100      20.94          1    1504.62     30.164     1.1892 3.3031e-04      20.94          1  0.000e+00
    14.1420    14.1447   4.225527   4.225537     30.383    246.804    246.452    91.6244 3.5500e+00    35.1539    35.1515      52339   2180.750         28         28     100.00  -44.00200  146.32100      20.94          1    1504.62     30.137     1.1892 3.3031e-04      20.94          1  0.000e+00
    14.1420    14.1451   4.225514   4.225491     30.383    246.803    246.312    91.5984 3.5601e+00    35.1538    35.1508      52340   2180.792         28         28     100.00  -44.00200  146.32100      20.94          1    1504.62     30.137     1.1892 3.3031e-04      20.94          1  0.000e+00
    14.1422    14.1450   4.225573   4.225531     30.383    246.962    246.326    91.6244 3.5601e+00    35.1541    35.1512      52341   2180.833         28         28     100.00  -44.00200  146.32100      20.94          1    1504.62     30.137     1.1892 3.3031e-04      20.94          1  0.000e+00
    14.1418    14.1452   4.225514   4.225570     30.383    246.798    246.339    92.1701 3.5601e+00    35.1539    35.1514      52342   2180.875         28         28     100.00  -44.00200  146.32100      20.94          1    1504.62     30.137     1.1892 3.3031e-04      20.94          1  0.000e+00
    14.1419    14.1455   4.225533   4.225610     30.383    246.793    246.350    92.5858 3.5601e+00    35.1540    35.1514      52343   2180.917         28         28     100.00  -44.00200  146.32100      20.94          1    1504.62     30.137     1.1892 3.3031e-04      20.94          1  0.000e+00
    14.1420    14.1457   4.225520   4.225623     30.336    246.948    246.539    92.6378 3.5702e+00    35.1538    35.1514      52344   2180.958         28         28     100.00  -44.00200  146.32100      20.94          1    1504.62     30.090     1.1892 3.3031e-04      20.94          1  0.000e+00
    14.1418    14.1457   4.225527   4.225610     30.383    246.959    246.395    92.6378 3.5702e+00    35.1540    35.1513      52345   2181.000         28         28     100.00  -44.00200  146.32100      20.94          1    1504.62     30.137     1.1892 3.3031e-04      20.94          1  0.000e+00
    14.1420    14.1460   4.225494   4.225616     30.383    246.966    246.582    92.6378 3.5702e+00    35.1536    35.1510      52346   2181.042         28         28     100.00  -44.00200  146.32100      20.94          1    1504.62     30.137     1.4822 3.8331e-04      20.94          1  0.000e+00
    14.1420    14.1457   4.225500   4.225623     30.336    246.971    246.612    92.6898 3.5804e+00    35.1536    35.1514      52347   2181.083         28         28     100.00  -44.00200  146.32100      20.94          1    1504.62     30.090     1.7167 4.2395e-04      20.94          1  0.000e+00
    14.1424    14.1460   4.225553   4.225642     30.383    246.976    246.641    92.6898 3.5804e+00    35.1538    35.1513      52348   2181.125         28         28     100.00  -44.00200  146.32100      20.94          1    1504.62     30.137     1.7606 4.3102e-04      20.94          1  0.000e+00
    14.1429    14.1457   4.225553   4.225616     30.288    246.975    246.666    92.6638 3.5804e+00    35.1534    35.1514      52349   2181.167         28         28     100.00  -44.00200  146.32100      20.94          1    1504.62     30.043     1.7387 4.2748e-04      20.94          1  0.000e+00
