example_project/CTD/in2018_v01_003.ros
* Sea-Bird SBE 9 Data File:
* FileName = D:\lowered_ctd\in2018_v01\seasave\in2018_v01_003\in2018_v01_003.hex
* Software Version Seasave V 7.26.7.107
* Temperature SN = 6189
* Conductivity SN = 4685
* Number of Bytes Per Scan = 37
* Number of Voltage Words = 4
* Number of Scans Averaged by the Deck Unit = 1
* NMEA Latitude = 44 07.18 S
* NMEA Longitude = 146 13.21 E
* NMEA UTC (Time) = Jan 11 2018 13:50:41
** Operator:
** CTD config:
** Ship: Investigator
** Cruise: in2018_v01
** Station:  in2018_v01_003
** Latitude:  -44 07.178
** Longitude:  146 13.204
** Depth:  1014
# nquan = 27
# nvalues = 5220                                  
# units = specified
# name 0 = t090C: Temperature [ITS-90, deg C]
# name 1 = t190C: Temperature, 2 [ITS-90, deg C]
# name 2 = c0S/m: Conductivity [S/m]
# name 3 = c1S/m: Conductivity, 2 [S/m]
# name 4 = prDM: Pressure, Digiquartz [db]
# name 5 = sbeox0Mm/L: Oxygen, SBE 43 [umol/l]
# name 6 = sbeox1Mm/L: Oxygen, SBE 43, 2 [umol/l]
# name 7 = CStarTr0: Beam Transmission, WET Labs C-Star [%]
# name 8 = par: PAR/Irradiance, Biospherical/Licor [umol photons/m^2/sec]
# name 9 = sal00: Salinity, Practical [PSU]
# name 10 = sal11: Salinity, Practical, 2 [PSU]
# name 11 = scan: Scan Count
# name 12 = timeS: Time, Elapsed [seconds]
# name 13 = nbf: Bottles Fired
# name 14 = bpos: Bottle Position in Carousel
# name 15 = altM: Altimeter [m]
# name 16 = latitude: Latitude [deg]
# name 17 = longitude: Longitude [deg]
# name 18 = ptempC: Pressure Temperature [deg C]
# name 19 = pumps: Pump Status
# name 20 = svCM: Sound Velocity [Chen-Millero, m/s]
# name 21 = depSM: Depth [salt water, m]
# name 22 = flECO-AFL: Fluorescence, WET Labs ECO-AFL/FL [mg/m^3]
# name 23 = turbWETbb0: Turbidity, WET Labs ECO BB [m^-1/sr]
# name 24 = ptempC: Pressure Temperature [deg C]
# name 25 = pumps: Pump Status
# name 26 = flag:  0.000e+00
# interval = seconds: 0.0416667
# start_time = Jan 11 2018 13:50:41 [NMEA time, header]
# bad_flag = -9.990e-29
*END*
[from data line 860]
     5.3131     5.3159   3.365279   3.365551    900.747    183.953    180.746    99.8096 1.0000e-12    34.4415    34.4417      57716   2404.792          6          6     100.00  -44.11960  146.22004      15.00          1    1486.11    891.573     0.0537 1.2006e-04      15.00          1  0.000e+00
     5.3148     5.3162   3.365393   3.365545    900.692    184.197    180.754    99.8356 1.0000e-12    34.4411    34.4414      57717   2404.833          6          6     100.00  -44.11960  146.22004      15.00          1    1486.12    891.518     0.0537 1.2006e-04      15.00          1  0.000e+00
     5.3157     5.3161   3.365465   3.365569    900.747    183.964    180.763    99.8096 1.0000e-12    34.4409    34.4417      57718   2404.875          6          6     100.00  -44.11960  146.22004      15.00          1    1486.12    891.573     0.0537 1.2006e-04      15.00          1  0.000e+00
     5.3161     5.3159   3.365531   3.365533    900.747    183.935    180.768    99.8096 1.0000e-12    34.4413    34.4415      57719   2404.917          6          6     100.00  -44.11960  146.22004      15.00          1    1486.12    891.573     0.0537 1.2006e-04      15.00          1  0.000e+00
     5.3167     5.3161   3.365603   3.365521    900.796    184.187    180.772    99.8096 1.0000e-12    34.4415    34.4412      57720   2404.958          6          6     100.00  -44.11960  146.22004      15.00          1    1486.13    891.621     0.0537 1.1830e-04      15.00          1  0.000e+00
     5.3170     5.3162   3.365591   3.365539    900.796    183.956    180.832    99.8356 1.0000e-12    34.4410    34.4413      57721   2405.000          6          6     100.00  -44.11960  146.22004      15.00          1    1486.13    891.621     0.0537 1.2006e-04      15.00          1  0.000e+00
     5.3171     5.3161   3.365621   3.365551    900.796    183.928    180.832    99.8096 1.0000e-12    34.4412    34.4415      57722   2405.042          6          6     100.00  -44.11960  146.22004      15.00          1    1486.13    891.621     0.0537 1.2006e-04      15.00          1  0.000e+00
     5.3171     5.3159   3.365591   3.365551    900.851    184.144    180.832    99.8096 1.0000e-12    34.4409    34.4416      57723   2405.083          6          6     100.00  -44.11960  146.22004      15.00          1    1486.13    891.676     0.0537 1.2006e-04      15.00          1  0.000e+00
     5.3171     5.3158   3.365597   3.365527    900.851    183.913    180.889    99.8096 1.0000e-12    34.4409    34.4415      57724   2405.125          6          6     100.00  -44.11960  146.22004      15.00          1    1486.13    891.676     0.0610 1.2006e-04      15.00          1  0.000e+00
     5.3171     5.3155   3.365585   3.365539    900.851    183.885    180.884    99.8096 1.0000e-12    34.4408    34.4419      57725   2405.167          6          6     100.00  -44.11960  146.22004      15.00          1    1486.13    891.676     0.0610 1.2006e-04      15.00          1  0.000e+00
     6.6957     6.7079   3.487848   3.488852    800.373    193.750    190.049    99.8096 1.0000e-12    34.4672    34.4660      62580   2607.458          7          7     100.00  -44.11958  146.22002      14.77          1    1489.98    792.411     0.0683 1.1830e-04      14.77          1  0.000e+00
     6.6962     6.7077   3.487903   3.488894    800.346    193.746    190.082    99.8096 1.0000e-12    34.4673    34.4667      62581   2607.500          7          7     100.00  -44.11958  146.22002      14.77          1    1489.98    792.384     0.0683 1.1830e-04      14.77          1  0.000e+00
     6.6967     6.7079   3.487903   3.488888    800.270    193.969    189.856    99.8096 1.0000e-12    34.4669    34.4665      62582   2607.542          7          7     100.00  -44.11958  146.22002      14.77          1    1489.98    792.309     0.0683 1.1830e-04      14.77          1  0.000e+00
     6.6968     6.7079   3.487915   3.488870    800.325    193.775    190.094    99.8096 1.0000e-12    34.4668    34.4663      62583   2607.583          7          7     100.00  -44.11958  146.22002      14.77          1    1489.99    792.364     0.0683 1.1830e-04      14.77          1  0.000e+00
     6.6970     6.7081   3.487940   3.488894    800.346    193.808    189.868    99.8096 1.0000e-12    34.4669    34.4664      62584   2607.625          7          7     100.00  -44.11958  146.22002      14.77          1    1489.99    792.384     0.0683 1.1830e-04      14.77          1  0.000e+00
     6.6973     6.7079   3.487952   3.488870    800.325    194.032    190.103    99.8096 1.0000e-12    34.4667    34.4663      62585   2607.667          7          7     100.00  -44.11958  146.22002      14.77          1    1489.99    792.364     0.0683 1.1830e-04      14.77          1  0.000e+00
     6.6978     6.7077   3.487952   3.488894    800.325    193.835    190.131    99.8096 1.0000e-12    34.4663    34.4667      62586   2607.708          7          7     100.00  -44.11958  146.22002      14.77          1    1489.99    792.364     0.0683 1.1830e-04      14.77          1  0.000e+00
     6.6981     6.7077   3.488001   3.488876    800.325    193.832    190.157    99.8096 1.0000e-12    34.4665    34.4665      62587   2607.750          7          7     100.00  -44.11958  146.22002      14.77          1    1489.99    792.364     0.0683 1.1830e-04      14.77          1  0.000e+00
     6.6986     6.7079   3.487970   3.488858    800.346    194.056    189.925    99.8096 1.0000e-12    34.4656    34.4661      62588   2607.792          7          7     100.00  -44.11958  146.22002      14.77          1    1489.99    792.384     0.0683 1.1830e-04      14.77          1  0.000e+00
     6.6983     6.7079   3.487976   3.488864    800.325    194.087    189.897    99.8096 1.0000e-12    34.4660    34.4662      62589   2607.833          7          7     100.00  -44.11958  146.22002      14.77          1    1489.99    792.364     0.0683 1.1830e-04      14.77          1  0.000e+00
     6.6983     6.7081   3.487988   3.488894    800.325    193.855    190.124    99.8096 1.0000e-12    34.4662    34.4664      62590   2607.875          7          7     100.00  -44.11958  146.22002      14.77          1    1489.99    792.364     0.0683 1.1830e-04      14.77          1  0.000e+00
     6.6984     6.7081   3.488007   3.488925    800.346    193.850    189.889    99.8096 1.0000e-12    34.4662    34.4667      62591   2607.917          7          7     100.00  -44.11958  146.22002      14.77          1    1489.99    792.384     0.0610 1.1830e-04      14.77          1  0.000e+00
     6.6986     6.7082   3.488037   3.488919    800.325    193.842    189.859    99.8096 1.0000e-12    34.4664    34.4665      62592   2607.958          7          7     100.00  -44.11958  146.22002      14.77          1    1489.99    792.364     0.0683 1.1830e-04      14.77          1  0.000e+00
     6.6981     6.7086   3.488049   3.488906    800.325    193.838    189.828    99.8096 1.0000e-12    34.4670    34.4660      62593   2608.000          7          7     100.00  -44.11958  146.22002      14.77          1    1489.99    792.364     0.0683 1.1830e-04      14.77          1  0.000e+00
     6.6981     6.7086   3.488092   3.488925    800.346    193.833    189.798    99.8096 1.0000e-12    34.4675    34.4662      62594   2608.042          7          7     100.00  -44.11958  146.22002      14.77          1    1489.99    792.384     0.0683 1.1830e-04      14.77          1  0.000e+00
     6.6991     6.7089   3.488110   3.488919    800.325    194.049    190.022    99.8096 1.0000e-12    34.4667    34.4658      62595   2608.083          7          7     100.00  -44.11958  146.22002      14.77          1    1490.00    792.364     0.0683 1.1830e-04      14.77          1  0.000e+00
     6.6997     6.7087   3.488153   3.488931    800.270    193.811    189.785    99.8096 1.0000e-12    34.4666    34.4661      62596   2608.125          7          7     100.00  -44.11958  146.22002      14.77          1    1490.00    792.309     0.0683 1.1830e-04      14.77          1  0.000e+00
     6.7007     6.7087   3.488171   3.488955    800.374    193.801    189.755    99.8096 1.0000e-12    34.4658    34.4663      62597   2608.167          7          7     100.00  -44.11958  146.22002      14.77          1    1490.00    792.412     0.0683 1.1830e-04      14.77          1  0.000e+00
     6.7007     6.7084   3.488153   3.488906    800.346    193.984    189.980    99.8096 1.0000e-12    34.4656    34.4661      62598   2608.208          7          7     100.00  -44.11958  146.22002      14.77          1    1490.00    792.384     0.0683 1.1830e-04      14.77          1  0.000e+00
     6.7002     6.7082   3.488141   3.488870    800.374    193.748    189.999    99.8096 1.0000e-12    34.4659    34.4659      62599   2608.250          7          7     100.00  -44.11958  146.22002      14.77          1    1490.00    792.412     0.0683 1.1830e-04      14.77          1  0.000e+00
     6.6999     6.7081   3.488165   3.488919    800.325    193.736    190.012    99.8096 1.0000e-12    34.4665    34.4666      62600   2608.292          7          7     100.00  -44.11958  146.22002      14.77          1    1490.00    792.364     0.0683 1.1830e-04      14.77          1  0.000e+00
     6.6999     6.7081   3.488147   3.488913    800.346    193.950    190.026    99.8096 1.0000e-12    34.4663    34.4666      62601   2608.333          7          7     100.00  -44.11958  146.22002      14.77          1    1490.00    792.385     0.0683 1.1830e-04      14.77          1  0.000e+00
     6.6999     6.7084   3.488141   3.488846    800.325    193.743    190.036    99.8096 1.0000e-12    34.4662    34.4655      62602   2608.375          7          7     100.00  -44.11958  146.22002      14.77          1    1490.00    792.364     0.0683 1.1830e-04      14.77          1  0.000e+00
     6.6999     6.7081   3.488141   3.488834    800.374    193.731    190.047    99.8096 1.0000e-12    34.4662    34.4657      62603   2608.417          7          7     100.00  -44.11958  146.22002      14.76          1    1490.00    792.412     0.0610 1.1653e-04      14.76          1  0.000e+00
     6.6993     6.7084   3.488116   3.488888    800.325    193.944    189.848    99.7836 1.0000e-12    34.4666    34.4659      62604   2608.458          7          7     100.00  -44.11958  146.22002      14.77          1    1490.00    792.364     0.0463 1.1653e-04      14.77          1  0.000e+00
     6.6992     6.7082   3.488086   3.488888    800.346    193.963    189.806    99.8096 1.0000e-12    34.4663    34.4661      62605   2608.500          7          7     100.00  -44.11958  146.22002      14.77          1    1490.00    792.385     0.0463 1.1653e-04      14.77          1  0.000e+00
     6.6999     6.7084   3.488128   3.488900    800.374    193.751    190.019    99.8096 1.0000e-12    34.4661    34.4661      62606   2608.542          7          7     100.00  -44.11958  146.22002      14.77          1    1490.00    792.412     0.0463 1.1653e-04      14.77          1  0.000e+00
     6.7000     6.7084   3.488165   3.488876    800.326    193.959    190.025    99.8356 1.0000e-12    34.4663    34.4658      62607   2608.583          7          7     100.00  -44.11958  146.22002      14.77          1    1490.00    792.364     0.0463 1.1653e-04      14.77          1  0.000e+00
     6.7005     6.7084   3.488171   3.488894    800.346    193.712    189.773    99.8096 1.0000e-12    34.4659    34.4660      62608   2608.625          7          7     100.00  -44.11958  146.22002      14.77          1    1490.00    792.385     0.0463 1.1476e-04      14.77          1  0.000e+00
     6.7009     6.7082   3.488195   3.488888    800.374    193.726    189.728    99.8096 1.0000e-12    34.4658    34.4661      62609   2608.667          7          7     100.00  -44.11958  146.22002      14.77          1    1490.00    792.412     0.0463 1.1653e-04      14.77          1  0.000e+00
     6.7013     6.7082   3.488201   3.488925    800.326    193.932    189.935    99.8096 1.0000e-12    34.4654    34.4666      62610   2608.708          7          7     100.00  -44.11958  146.22002      14.77          1    1490.00    792.364     0.0463 1.1653e-04      14.77          1  0.000e+00
     6.7009     6.7081   3.488201   3.488913    800.395    193.723    189.940    99.8356 1.0000e-12    34.4659    34.4665      62611   2608.750          7          7     100.00  -44.11958  146.22002      14.77          1    1490.00    792.433     0.0463 1.1653e-04      14.77          1  0.000e+00
     6.7004     6.7081   3.488201   3.488888    800.374    193.670    189.939    99.8096 1.0000e-12    34.4664    34.4663      62612   2608.792          7          7     100.00  -44.11958  146.22002      14.77          1    1490.00    792.412     0.0463 1.1653e-04      14.77          1  0.000e+00
     6.6999     6.7081   3.488226   3.488870    800.326    193.876    189.936    99.8356 1.0000e-12    34.4672    34.4661      62613   2608.833          7          7     100.00  -44.11958  146.22002      14.77          1    1490.00    792.364     0.0463 1.1653e-04      14.77          1  0.000e+00
     6.6997     6.7082   3.488256   3.488894    800.374    193.662    189.986    99.8356 1.0000e-12    34.4677    34.4662      62614   2608.875          7          7     100.00  -44.11958  146.22002      14.77          1    1490.00    792.412     0.0463 1.1653e-04      14.77          1  0.000e+00
     6.6994     6.7084   3.488268   3.488888    800.346    193.641    189.725    99.8356 1.0000e-12    34.4681    34.4659      62615   2608.917          7          7     100.00  -44.11958  146.22002      14.77          1    1490.00    792.385     0.0463 1.1653e-04      14.77          1  0.000e+00
     6.7002     6.7083   3.488311   3.488925    800.326    193.841    189.669    99.8096 1.0000e-12    34.4678    34.4665      62616   2608.958          7          7     100.00  -44.11958  146.22000      14.77          1    1490.00    792.364     0.0463 1.1653e-04      14.77          1  0.000e+00
     6.7009     6.7084   3.488372   3.488882    800.374    193.622    189.614    99.8096 1.0000e-12    34.4678    34.4659      62617   2609.000          7          7     100.00  -44.11958  146.22000      14.77          1    1490.00    792.412     0.0463 1.1653e-04      14.77          1  0.000e+00
     6.7010     6.7081   3.488390   3.488894    800.346    193.598    189.613    99.8356 1.0000e-12    34.4679    34.4664      62618   2609.042          7          7     100.00  -44.11958  146.22000      14.77          1    1490.00    792.385     0.0463 1.1653e-04      14.77          1  0.000e+00
     6.7016     6.7079   3.488341   3.488888    800.374    193.573    189.561    99.8096 1.0000e-12    34.4667    34.4664      62619   2609.083          7          7     100.00  -44.11958  146.22000      14.77          1    1490.01    792.412     0.0463 1.1653e-04      14.77          1  0.000e+00
     6.7026     6.7077   3.488372   3.488852    800.326    193.771    189.560    99.8356 1.0000e-12    34.4661    34.4662      62620   2609.125          7          7     100.00  -44.11958  146.22000      14.77          1    1490.01    792.364     0.0463 1.1653e-04      14.77          1  0.000e+00
     6.7031     6.7077   3.488414   3.488913    800.347    193.551    189.509    99.8356 1.0000e-12    34.4660    34.4669      62621   2609.167          7          7     100.00  -44.11958  146.22000      14.77          1    1490.01    792.385     0.0463 1.1653e-04      14.77          1  0.000e+00
