example_project/CTD/in2018_v01_001.ros
* Sea-Bird SBE 9 Data File:
* FileName = D:\lowered_ctd\in2018_v01\seasave\in2018_v01_001\in2018_v01_001.hex
* Software Version Seasave V 7.26.7.107
* Temperature SN = 6189
* Conductivity SN = 4685
* Number of Bytes Per Scan = 37
* Number of Voltage Words = 4
* Number of Scans Averaged by the Deck Unit = 1
* NMEA Latitude = 44 00.10 S
* NMEA Longitude = 146 19.25 E
* NMEA UTC (Time) = Jan 11 2018 08:11:00
** Operator:
** CTD config:
** Ship: Investigator
** Cruise: in2018_v01
** Station:  in2018_v01_001
** Latitude:  -44 00.110
** Longitude:  146 19.252
** Depth:  0244
# nquan = 27
# nvalues = 5220                                  
# units = specified
# name 0 = t090C: Temperature [ITS-90, deg C]
# name 1 = t190C: Temperature, 2 [ITS-90, deg C]
# name 2 = c0S/m: Conductivity [S/m]
# name 3 = c1S/m: Conductivity, 2 [S/m]
# name 4 = prDM: Pressure, Digiquartz [db]
# name 5 = sbeox0Mm/L: Oxygen, SBE 43 [umol/l]
# name 6 = sbeox1Mm/L: Oxygen, SBE 43, 2 [umol/l]
# name 7 = CStarTr0: Beam Transmission, WET Labs C-Star [%]
# name 8 = par: PAR/Irradiance, Biospherical/Licor [umol photons/m^2/sec]
# name 9 = sal00: Salinity, Practical [PSU]
# name 10 = sal11: Salinity, Practical, 2 [PSU]
# name 11 = scan: Scan Count
# name 12 = timeS: Time, Elapsed [seconds]
# name 13 = nbf: Bottles Fired
# name 14 = bpos: Bottle Position in Carousel
# name 15 = altM: Altimeter [m]
# name 16 = latitude: Latitude [deg]
# name 17 = longitude: Longitude [deg]
# name 18 = ptempC: Pressure Temperature [deg C]
# name 19 = pumps: Pump Status
# name 20 = svCM: Sound Velocity [Chen-Millero, m/s]
# name 21 = depSM: Depth [salt water, m]
# name 22 = flECO-AFL: Fluorescence, WET Labs ECO-AFL/FL [mg/m^3]
# name 23 = turbWETbb0: Turbidity, WET Labs ECO BB [m^-1/sr]
# name 24 = ptempC: Pressure Temperature [deg C]
# name 25 = pumps: Pump Status
# name 26 = flag:  0.000e+00
# interval = seconds: 0.0416667
# start_time = Jan 11 2018 08:11:00 [NMEA time, header]
# bad_flag = -9.990e-29
*END*
[from data line 3329]
    13.5413    13.5448   4.174600   4.174625     49.897    238.142    237.263    98.0686 7.4830e-01    35.2200    35.2171      47041   1960.000         23         23     100.00  -44.00198  146.32102      21.21          1    1503.06     49.490     0.7716 2.6141e-04      21.21          1  0.000e+00
    13.5410    13.5446   4.174535   4.174645     49.951    238.171    237.284    98.0686 7.5054e-01    35.2197    35.2174      47042   1960.042         23         23     100.00  -44.00198  146.32102      21.19          1    1503.06     49.544     0.7716 2.6141e-04      21.19          1  0.000e+00
    13.5405    13.5442   4.174489   4.174599     49.992    238.216    237.306    98.0686 7.4830e-01    35.2197    35.2172      47043   1960.083         23         23     100.00  -44.00198  146.32102      21.21          1    1503.06     49.585     0.7716 2.6141e-04      21.21          1  0.000e+00
    13.5403    13.5441   4.174404   4.174586     49.951    238.243    237.323    98.0426 7.4830e-01    35.2191    35.2173      47044   1960.125         23         23     100.00  -44.00198  146.32102      21.21          1    1503.06     49.544     0.7716 2.6141e-04      21.21          1  0.000e+00
    13.5398    13.5439   4.174398   4.174553     50.047    238.257    237.344    98.0426 7.4830e-01    35.2194    35.2171      47045   1960.167         23         23     100.00  -44.00198  146.32102      21.21          1    1503.06     49.639     0.7716 2.6141e-04      21.21          1  0.000e+00
    13.5393    13.5434   4.174352   4.174488     49.999    238.283    237.361    98.0686 7.4830e-01    35.2195    35.2170      47046   1960.208         23         23     100.00  -44.00198  146.32102      21.19          1    1503.06     49.592     0.7716 2.6141e-04      21.19          1  0.000e+00
    13.5365    13.5349   4.174051   4.173744     49.763    238.759    236.557    98.0946 7.6182e-01    35.2193    35.2179      47383   1974.250         24         24     100.00  -44.00200  146.32100      21.19          1    1503.05     49.357     0.7716 2.1900e-04      21.19          1  0.000e+00
    13.5357    13.5348   4.174051   4.173757     49.803    238.756    236.529    98.0946 7.5955e-01    35.2201    35.2181      47384   1974.292         24         24     100.00  -44.00200  146.32100      21.19          1    1503.05     49.398     0.7716 2.1900e-04      21.19          1  0.000e+00
    13.5351    13.5345   4.173973   4.173679     49.810    238.767    236.503    98.0946 7.5955e-01    35.2198    35.2176      47385   1974.333         24         24     100.00  -44.00200  146.32100      21.19          1    1503.04     49.404     0.7716 2.1900e-04      21.19          1  0.000e+00
    13.5344    13.5345   4.173914   4.173705     49.763    238.925    236.475    98.0946 7.5955e-01    35.2200    35.2179      47386   1974.375         24         24     100.00  -44.00200  146.32102      21.19          1    1503.04     49.357     0.7716 2.1900e-04      21.19          1  0.000e+00
    13.5336    13.5346   4.173849   4.173725     49.851    238.773    236.454    98.0946 7.5729e-01    35.2200    35.2180      47387   1974.417         24         24     100.00  -44.00200  146.32102      21.19          1    1503.04     49.445     0.7716 2.1900e-04      21.19          1  0.000e+00
    13.5331    13.5344   4.173757   4.173692     49.858    238.765    236.433    98.0946 7.5729e-01    35.2196    35.2178      47388   1974.458         24         24     100.00  -44.00200  146.32102      21.19          1    1503.04     49.452     0.7716 2.1900e-04      21.19          1  0.000e+00
    13.5330    13.5344   4.173699   4.173686     49.851    238.920    236.413    98.0946 7.5503e-01    35.2192    35.2178      47389   1974.500         24         24     100.00  -44.00200  146.32102      21.19          1    1503.04     49.445     0.7716 2.1900e-04      21.19          1  0.000e+00
    13.5329    13.5345   4.173666   4.173712     49.858    238.924    236.395    98.0946 7.5278e-01    35.2190    35.2179      47390   1974.542         24         24     100.00  -44.00200  146.32102      21.19          1    1503.04     49.452     0.7716 2.1900e-04      21.19          1  0.000e+00
    13.5336    13.5341   4.173679   4.173640     49.906    238.760    236.383    98.0946 7.5278e-01    35.2184    35.2176      47391   1974.583         24         24     100.00  -44.00200  146.32102      21.19          1    1503.04     49.499     0.7716 2.1900e-04      21.19          1  0.000e+00
    13.5336    13.5335   4.173692   4.173588     49.858    238.744    236.371    98.0946 7.5278e-01    35.2186    35.2176      47392   1974.625         24         24     100.00  -44.00200  146.32102      21.19          1    1503.04     49.452     0.7716 2.1900e-04      21.19          1  0.000e+00
    13.5336    13.5332   4.173744   4.173581     50.001    238.732    236.365    98.0946 7.5503e-01    35.2190    35.2178      47393   1974.667         24         24     100.00  -44.00200  146.32102      21.19          1    1503.04     49.594     0.7789 2.2254e-04      21.19          1  0.000e+00
    13.5339    13.5329   4.173764   4.173549     49.912    238.877    236.354    98.0686 7.5503e-01    35.2189    35.2178      47394   1974.708         24         24     100.00  -44.00200  146.32102      21.19          1    1503.04     49.506     0.7863 2.2430e-04      21.19          1  0.000e+00
    13.5341    13.5328   4.173764   4.173568     49.912    238.710    236.347    98.0167 7.5503e-01    35.2187    35.2181      47395   1974.750         24         24     100.00  -44.00200  146.32102      21.19          1    1503.04     49.506     0.7863 2.2430e-04      21.19          1  0.000e+00
    13.5338    13.5327   4.173816   4.173523     50.001    238.678    236.346    97.9907 7.5054e-01    35.2195    35.2177      47396   1974.792         24         24     100.00  -44.00200  146.32102      21.19          1    1503.04     49.594     0.7863 2.2430e-04      21.19          1  0.000e+00
    13.5338    13.5324   4.173803   4.173477     49.960    238.658    236.343    97.9907 7.5054e-01    35.2194    35.2176      47397   1974.833         24         24     100.00  -44.00200  146.32102      21.19          1    1503.04     49.553     0.7863 2.2430e-04      21.19          1  0.000e+00
    13.5336    13.5319   4.173744   4.173444     50.001    238.806    236.346    97.9907 7.5054e-01    35.2190    35.2178      47398   1974.875         24         24     100.00  -44.00200  146.32102      21.19          1    1503.04     49.594     0.7863 2.2430e-04      21.19          1  0.000e+00
    13.5334    13.5314   4.173699   4.173379     50.008    238.637    236.350    97.9907 7.5054e-01    35.2187    35.2176      47399   1974.917         24         24     100.00  -44.00200  146.32102      21.19          1    1503.04     49.600     0.7863 2.2430e-04      21.19          1  0.000e+00
    13.5328    13.5312   4.173692   4.173366     50.055    238.619    236.355    97.9907 7.5054e-01    35.2192    35.2176      47400   1974.958         24         24     100.00  -44.00200  146.32102      21.19          1    1503.04     49.648     0.7863 2.2430e-04      21.19          1  0.000e+00
    13.5326    13.5313   4.173692   4.173418     50.008    238.595    236.358    97.9907 7.5054e-01    35.2194    35.2181      47401   1975.000         24         24     100.00  -44.00200  146.32102      21.19          1    1503.04     49.600     0.7863 2.2430e-04      21.19          1  0.000e+00
    13.5315    13.5312   4.173666   4.173405     50.055    238.578    236.367    97.9907 7.4830e-01    35.2202    35.2180      47402   1975.042         24         24     100.00  -44.00200  146.32102      21.19          1    1503.04     49.648     0.7863 2.2430e-04      21.19          1  0.000e+00
    13.5293    13.5314   4.173574   4.173399     50.062    238.563    236.376    97.9907 7.4607e-01    35.2214    35.2178      47403   1975.083         24         24     100.00  -44.00200  146.32102      21.19          1    1503.03     49.654     0.7863 2.2430e-04      21.19          1  0.000e+00
    13.5279    13.5314   4.173411   4.173425     50.110    238.547    236.388    97.9907 7.4830e-01    35.2211    35.2180      47404   1975.125         24         24     100.00  -44.00200  146.32102      21.19          1    1503.03     49.702     0.7863 2.2430e-04      21.19          1  0.000e+00
    13.5279    13.5309   4.173287   4.173353     50.103    238.540    236.404    97.9907 7.4607e-01    35.2199    35.2177      47405   1975.167         24         24     100.00  -44.00200  146.32102      21.19          1    1503.02     49.695     0.7863 2.2430e-04      21.19          1  0.000e+00
    13.5288    13.5294   4.173261   4.173190     50.110    238.512    236.428    97.9907 7.4607e-01    35.2188    35.2176      47406   1975.208         24         24     100.00  -44.00200  146.32102      21.19          1    1503.03     49.702     0.7863 2.2430e-04      21.19          1  0.000e+00
    13.5294    13.5263   4.173313   4.172844     50.103    238.500    236.460    97.9907 7.4607e-01    35.2187    35.2172      47407   1975.250         24         24     100.00  -44.00200  146.32102      21.19          1    1503.03     49.695     0.7863 2.2430e-04      21.19          1  0.000e+00
    13.5303    13.5240   4.173385   4.172374     50.110    238.322    236.495    97.9907 7.4384e-01    35.2186    35.2149      47408   1975.292         24         24     100.00  -44.00200  146.32102      21.19          1    1503.03     49.702     0.7863 2.2430e-04      21.19          1  0.000e+00
    13.5309    13.5235   4.173457   4.171787     50.151    238.460    236.528    97.9907 7.4162e-01    35.2187    35.2098      47409   1975.333         24         24     100.00  -44.00200  146.32102      21.19          1    1503.03     49.742     0.7863 2.2430e-04      21.19          1  0.000e+00
    13.5318    13.5232   4.173555   4.172309     50.158    238.447    236.546    97.9907 7.4384e-01    35.2188    35.2150      47410   1975.375         24         24     100.00  -44.00200  146.32102      21.19          1    1503.04     49.749     0.7863 2.2430e-04      21.19          1  0.000e+00
    13.5326    13.5220   4.173607   4.172453     50.158    238.418    236.574    97.9907 7.4162e-01    35.2186    35.2175      47411   1975.417         24         24     100.00  -44.00200  146.32102      21.19          1    1503.04     49.749     0.7863 2.2430e-04      21.19          1  0.000e+00
    13.5326    13.5205   4.173620   4.172348     50.151    238.244    236.608    97.9907 7.4162e-01    35.2187    35.2179      47412   1975.458         24         24     100.00  -44.00200  146.32102      21.19          1    1503.04     49.742     0.7863 2.2430e-04      21.19          1  0.000e+00
    13.5330    13.5198   4.173646   4.172264     50.212    238.219    236.618    97.9907 7.4162e-01    35.2185    35.2177      47413   1975.500         24         24     100.00  -44.00200  146.32102      21.19          1    1503.04     49.803     0.7863 2.2430e-04      21.19          1  0.000e+00
    13.5326    13.5193   4.173679   4.172270     50.151    238.359    236.649    97.9907 7.3941e-01    35.2192    35.2182      47414   1975.542         24         24     100.00  -44.00200  146.32102      21.19          1    1503.04     49.742     0.7863 2.2430e-04      21.19          1  0.000e+00
    13.5313    13.5193   4.173614   4.172257     50.260    238.360    236.659    97.9907 7.3501e-01    35.2198    35.2181      47415   1975.583         24         24     100.00  -44.00200  146.32102      21.19          1    1503.04     49.850     0.7863 2.2430e-04      21.19          1  0.000e+00
    13.5310    13.5190   4.173529   4.172264     50.205    238.204    236.667    97.9907 7.3281e-01    35.2193    35.2184      47416   1975.625         24         24     100.00  -44.00200  146.32102      21.19          1    1503.04     49.796     0.7863 2.2430e-04      21.19          1  0.000e+00
    13.5300    13.5185   4.173398   4.172277     50.212    238.204    236.678    97.9907 7.3281e-01    35.2189    35.2190      47417   1975.667         24         24     100.00  -44.00200  146.32102      21.19          1    1503.03     49.803     0.7863 2.2430e-04      21.19          1  0.000e+00
    13.5286    13.5178   4.173307   4.172205     50.253    238.190    236.719    97.9907 7.3281e-01    35.2194    35.2189      47418   1975.708         24         24     100.00  -44.00200  146.32102      21.19          1    1503.03     49.844     0.7496 2.4020e-04      21.19          1  0.000e+00
    13.5274    13.5176   4.173294   4.172146     50.212    238.189    236.732    97.9907 7.3281e-01    35.2203    35.2186      47419   1975.750         24         24     100.00  -44.00200  146.32102      21.19          1    1503.03     49.803     0.7057 2.5964e-04      21.19          1  0.000e+00
    13.5267    13.5175   4.173182   4.172114     50.260    238.192    236.774    97.9907 7.3281e-01    35.2199    35.2184      47420   1975.792         24         24     100.00  -44.00200  146.32102      21.19          1    1503.02     49.850     0.6910 2.6494e-04      21.19          1  0.000e+00
    13.5258    13.5176   4.173124   4.172107     50.253    238.359    236.789    97.9907 7.3281e-01    35.2202    35.2182      47421   1975.833         24         24     100.00  -44.00200  146.32102      21.19          1    1503.02     49.844     0.6984 2.6494e-04      21.19          1  0.000e+00
    13.5253    13.5178   4.173032   4.172159     50.260    238.213    236.804    97.9907 7.3281e-01    35.2199    35.2185      47422   1975.875         24         24     100.00  -44.00200  146.32102      21.19          1    1503.02     49.850     0.6984 2.6317e-04      21.19          1  0.000e+00
    13.5246    13.5181   4.172947   4.172198     50.301    238.202    236.821    98.0167 7.3281e-01    35.2197    35.2186      47423   1975.917         24         24     100.00  -44.00200  146.32102      21.19          1    1503.02     49.891     0.6984 2.6317e-04      21.19          1  0.000e+00
    13.5235    13.5183   4.172934   4.172237     50.260    238.206    236.838    97.9907 7.3062e-01    35.2206    35.2188      47424   1975.958         24         24     100.00  -44.00200  146.32102      21.19          1    1503.01     49.850     0.6984 2.6317e-04      21.19          1  0.000e+00
    13.5234    13.5190   4.172934   4.172303     50.253    238.374    236.854    97.9907 7.2844e-01    35.2207    35.2188      47425   1976.000         24         24     100.00  -44.00200  146.32102      21.19          1    1503.01     49.844     0.6984 2.6317e-04      21.19          1  0.000e+00
    13.5239    13.5190   4.172934   4.172322     50.307    238.228    236.876    98.0167 7.2844e-01    35.2202    35.2190      47426   1976.042         24         24     100.00  -44.00200  146.32102      21.19          1    1503.01     49.898     0.6984 2.6317e-04      21.19          1  0.000e+00
    13.5247    13.5192   4.172986   4.172322     50.307    238.212    236.897    97.9907 7.2844e-01    35.2199    35.2188      47427   1976.083         24         24     100.00  -44.00200  146.32102      21.19          1    1503.02     49.898     0.6984 2.6317e-04      21.19          1  0.000e+00
    13.5257    13.5196   4.173032   4.172374     50.301    238.214    236.892    98.0167 7.3062e-01    35.2195    35.2188      47428   1976.125         24         24      90.60  -44.00200  146.32102      21.19          1    1503.02     49.891     0.6984 2.6317e-04      21.19          1  0.000e+00
    13.5263    13.5196   4.173013   4.172414     50.308    238.367    236.914    97.9907 7.3062e-01    35.2187    35.2192      47429   1976.167         24         24      78.49  -44.00200  146.32102      21.19          1    1503.02     49.898     0.6984 2.6317e-04      21.19          1  0.000e+00
