example_project/CTD/in2018_v01_001.ros
* Sea-Bird SBE 9 Data File:
* FileName = D:\lowered_ctd\in2018_v01\seasave\in2018_v01_001\in2018_v01_001.hex
* Software Version Seasave V 7.26.7.107
* Temperature SN = 6189
* Conductivity SN = 4685
* Number of Bytes Per Scan = 37
* Number of Voltage Words = 4
* Number of Scans Averaged by the Deck Unit = 1
* NMEA Latitude = 44 00.10 S
* NMEA Longitude = 146 19.25 E
* NMEA UTC (Time) = Jan 11 2018 08:11:00
** Operator:
** CTD config:
** Ship: Investigator
** Cruise: in2018_v01
** Station:  in2018_v01_001
** Latitude:  -44 00.110
** Longitude:  146 19.252
** Depth:  0244
# nquan = 27
# nvalues = 5220                                  
# units = specified
# name 0 = t090C: Temperature [ITS-90, deg C]
# name 1 = t190C: Temperature, 2 [ITS-90, deg C]
# name 2 = c0S/m: Conductivity [S/m]
# name 3 = c1S/m: Conductivity, 2 [S/m]
# name 4 = prDM: Pressure, Digiquartz [db]
# name 5 = sbeox0Mm/L: Oxygen, SBE 43 [umol/l]
# name 6 = sbeox1Mm/L: Oxygen, SBE 43, 2 [umol/l]
# name 7 = CStarTr0: Beam Transmission, WET Labs C-Star [%]
# name 8 = par: PAR/Irradiance, Biospherical/Licor [umol photons/m^2/sec]
# name 9 = sal00: Salinity, Practical [PSU]
# name 10 = sal11: Salinity, Practical, 2 [PSU]
# name 11 = scan: Scan Count
# name 12 = timeS: Time, Elapsed [seconds]
# name 13 = nbf: Bottles Fired
# name 14 = bpos: Bottle Position in Carousel
# name 15 = altM: Altimeter [m]
# name 16 = latitude: Latitude [deg]
# name 17 = longitude: Longitude [deg]
# name 18 = ptempC: Pressure Temperature [deg C]
# name 19 = pumps: Pump Status
# name 20 = svCM: Sound Velocity [Chen-Millero, m/s]
# name 21 = depSM: Depth [salt water, m]
# name 22 = flECO-AFL: Fluorescence, WET Labs ECO-AFL/FL [mg/m^3]
# name 23 = turbWETbb0: Turbidity, WET Labs ECO BB [m^-1/sr]
# name 24 = ptempC: Pressure Temperature [deg C]
# name 25 = pumps: Pump Status
# name 26 = flag:  0.000e+00
# interval = seconds: 0.0416667
# start_time = Jan 11 2018 08:11:00 [NMEA time, header]
# bad_flag = -9.990e-29
*END*
[from data line 4349]
    15.5611    15.5605   4.365955   4.365784     15.317    256.868    256.425    90.3771 1.5823e+01    35.1643    35.1633      55510   2312.875         30         30     100.00  -44.00200  146.32102      20.76          1    1508.88     15.194     1.5628 4.8402e-04      20.76          1  0.000e+00
    15.9698    15.8869   4.398979   4.400548     15.128    254.742    255.034    90.7149 1.8218e+01    35.0969    35.1846      55858   2327.375         31         31     100.00  -44.00200  146.32100      20.74          1    1510.06     15.006     1.4603 4.3278e-04      20.74          1  0.000e+00
    15.9854    15.9082   4.402331   4.401522     15.189    254.620    254.912    90.7149 1.8269e+01    35.1129    35.1743      55859   2327.417         31         31     100.00  -44.00200  146.32100      20.74          1    1510.13     15.067     1.4603 4.3455e-04      20.74          1  0.000e+00
    15.9934    15.9013   4.404195   4.399215     15.176    254.544    255.102    90.7149 1.8321e+01    35.1225    35.1598      55860   2327.458         31         31     100.00  -44.00200  146.32100      20.74          1    1510.17     15.053     1.4603 4.3278e-04      20.74          1  0.000e+00
    15.9984    15.9011   4.405251   4.398048     15.176    254.336    255.100    90.7149 1.8372e+01    35.1275    35.1495      55861   2327.500         31         31     100.00  -44.00200  146.32100      20.74          1    1510.19     15.053     1.4603 4.3278e-04      20.74          1  0.000e+00
    15.9999    15.9011   4.406012   4.398321     15.189    254.439    255.076    90.7669 1.8372e+01    35.1330    35.1520      55862   2327.542         31         31     100.00  -44.00200  146.32100      20.74          1    1510.20     15.067     1.4603 4.3455e-04      20.74          1  0.000e+00
    15.9868    15.9088   4.406166   4.399448     15.223    254.449    255.010    90.7929 1.8424e+01    35.1460    35.1552      55863   2327.583         31         31     100.00  -44.00200  146.32100      20.74          1    1510.17     15.101     1.4603 4.3455e-04      20.74          1  0.000e+00
    15.9604    15.9162   4.405532   4.399828     15.223    254.528    254.953    90.8189 1.8476e+01    35.1637    35.1520      55864   2327.625         31         31     100.00  -44.00200  146.32100      20.74          1    1510.11     15.101     1.4529 4.3278e-04      20.74          1  0.000e+00
    15.9499    15.9077   4.404229   4.399741     15.223    254.405    254.955    90.8189 1.8476e+01    35.1614    35.1588      55865   2327.667         31         31     100.00  -44.00200  146.32100      20.74          1    1510.08     15.101     1.4603 4.3278e-04      20.74          1  0.000e+00
    15.9625    15.9054   4.403467   4.400068     15.244    254.334    255.120    90.7929 1.8476e+01    35.1434    35.1637      55866   2327.708         31         31     100.00  -44.00200  146.32100      20.74          1    1510.10     15.121     1.4603 4.3455e-04      20.74          1  0.000e+00
    15.9775    15.8993   4.403961   4.399348     15.223    254.221    255.138    90.7929 1.8476e+01    35.1346    35.1628      55867   2327.750         31         31     100.00  -44.00200  146.32100      20.74          1    1510.13     15.101     1.4529 4.3278e-04      20.74          1  0.000e+00
    15.9732    15.8857   4.404783   4.398048     15.223    254.173    255.210    90.7929 1.8528e+01    35.1457    35.1632      55868   2327.792         31         31     100.00  -44.00200  146.32100      20.74          1    1510.13     15.101     1.4529 4.3278e-04      20.74          1  0.000e+00
    15.9669    15.8827   4.404737   4.397268     15.325    254.006    255.238    90.8189 1.8476e+01    35.1508    35.1589      55869   2327.833         31         31     100.00  -44.00200  146.32100      20.74          1    1510.12     15.202     1.4603 4.3278e-04      20.74          1  0.000e+00
    15.9747    15.8792   4.404516   4.396888     15.244    253.927    255.252    90.7929 1.8476e+01    35.1419    35.1586      55870   2327.875         31         31     100.00  -44.00200  146.32100      20.74          1    1510.13     15.121     1.4749 4.4338e-04      20.74          1  0.000e+00
    15.9846    15.8780   4.404977   4.396875     15.326    253.992    255.257    90.7929 1.8424e+01    35.1373    35.1596      55871   2327.917         31         31     100.00  -44.00200  146.32100      20.74          1    1510.16     15.202     1.5042 4.5929e-04      20.74          1  0.000e+00
    15.9853    15.8785   4.405759   4.396895     15.271    253.785    255.248    90.7929 1.8424e+01    35.1437    35.1592      55872   2327.958         31         31     100.00  -44.00200  146.32100      20.74          1    1510.17     15.148     1.5115 4.6282e-04      20.74          1  0.000e+00
    15.9785    15.8786   4.406133   4.396895     15.339    253.770    255.242    90.7929 1.8372e+01    35.1530    35.1591      55873   2328.000         31         31     100.00  -44.00200  146.32100      20.74          1    1510.16     15.216     1.5115 4.6282e-04      20.74          1  0.000e+00
    15.9635    15.8783   4.405772   4.396835     15.326    253.778    255.404    90.7929 1.8321e+01    35.1631    35.1589      55874   2328.042         31         31     100.00  -44.00200  146.32100      20.74          1    1510.12     15.202     1.5042 4.6282e-04      20.74          1  0.000e+00
    15.9523    15.8760   4.404897   4.396389     15.326    253.781    255.425    90.7929 1.8321e+01    35.1652    35.1570      55875   2328.083         31         31     100.00  -44.00200  146.32100      20.74          1    1510.09     15.202     1.5115 4.6105e-04      20.74          1  0.000e+00
    15.9412    15.8678   4.403862   4.395802     15.326    253.786    255.488    90.7929 1.8218e+01    35.1658    35.1590      55876   2328.125         31         31     100.00  -44.00200  146.32100      20.74          1    1510.06     15.202     1.5115 4.6282e-04      20.74          1  0.000e+00
    15.9239    15.8617   4.402726   4.395369     15.394    253.677    255.541    90.7929 1.8166e+01    35.1710    35.1605      55877   2328.167         31         31     100.00  -44.00200  146.32100      20.74          1    1510.01     15.270     1.5042 4.6105e-04      20.74          1  0.000e+00
    15.9256    15.8582   4.401524   4.395223     15.373    253.796    255.746    90.7929 1.8115e+01    35.1588    35.1624      55878   2328.208         31         31     100.00  -44.00200  146.32100      20.74          1    1510.00     15.249     1.5042 4.6105e-04      20.74          1  0.000e+00
    15.9210    15.8561   4.400896   4.395149     15.373    253.945    255.792    90.8189 1.8013e+01    35.1572    35.1635      55879   2328.250         31         31     100.00  -44.00200  146.32100      20.74          1    1509.99     15.249     1.5042 4.6282e-04      20.74          1  0.000e+00
    15.9130    15.8566   4.400529   4.395076     15.394    253.807    255.827    90.7929 1.7963e+01    35.1610    35.1624      55880   2328.292         31         31     100.00  -44.00200  146.32100      20.74          1    1509.97     15.270     1.5115 4.6282e-04      20.74          1  0.000e+00
    15.9131    15.8582   4.400155   4.394743     15.421    253.798    255.858    90.7929 1.7912e+01    35.1576    35.1580      55881   2328.333         31         31     100.00  -44.00200  146.32098      20.74          1    1509.96     15.297     1.5115 4.6105e-04      20.74          1  0.000e+00
    15.9169    15.8590   4.400041   4.394196     15.373    253.926    255.888    91.0268 1.7812e+01    35.1532    35.1524      55882   2328.375         31         31     100.00  -44.00200  146.32098      20.74          1    1509.97     15.249     1.5115 4.6282e-04      20.74          1  0.000e+00
    15.9242    15.8524   4.400375   4.393224     15.421    253.898    255.950    91.2866 1.7662e+01    35.1497    35.1495      55883   2328.417         31         31     100.00  -44.00200  146.32098      20.74          1    1509.99     15.297     1.5115 4.6282e-04      20.74          1  0.000e+00
    15.9295    15.8388   4.400990   4.392104     15.441    253.888    256.036    91.3386 1.7612e+01    35.1505    35.1516      55884   2328.458         31         31     100.00  -44.00200  146.32098      20.74          1    1510.01     15.317     1.5115 4.6105e-04      20.74          1  0.000e+00
    15.9326    15.8266   4.401524   4.391165     15.421    253.887    256.109    91.3386 1.7464e+01    35.1526    35.1541      55885   2328.500         31         31     100.00  -44.00200  146.32098      20.74          1    1510.02     15.297     1.5115 4.6105e-04      20.74          1  0.000e+00
    15.9385    15.8150   4.401905   4.390120     15.421    254.035    256.029    91.3386 1.7268e+01    35.1507    35.1550      55886   2328.542         31         31     100.00  -44.00200  146.32098      20.74          1    1510.03     15.297     1.5115 4.6282e-04      20.74          1  0.000e+00
    15.9457    15.8033   4.402492   4.389221     15.476    254.038    256.098    91.3126 1.7219e+01    35.1496    35.1574      55887   2328.583         31         31     100.00  -44.00200  146.32098      20.74          1    1510.05     15.351     1.5115 4.6282e-04      20.74          1  0.000e+00
    15.9462    15.7920   4.403140   4.388588     15.489    254.063    256.158    91.3386 1.7122e+01    35.1549    35.1618      55888   2328.625         31         31     100.00  -44.00200  146.32098      20.74          1    1510.06     15.364     1.5115 4.6105e-04      20.74          1  0.000e+00
    15.9353    15.7907   4.403134   4.388848     15.421    254.135    256.166    91.3386 1.6883e+01    35.1646    35.1653      55889   2328.667         31         31     100.00  -44.00200  146.32098      20.74          1    1510.04     15.297     1.5115 4.6282e-04      20.74          1  0.000e+00
    15.9169    15.8102   4.402399   4.389966     15.476    254.405    256.089    91.3386 1.6788e+01    35.1743    35.1579      55890   2328.708         31         31     100.00  -44.00200  146.32098      20.74          1    1509.99     15.351     1.5115 4.6282e-04      20.74          1  0.000e+00
    15.9038    15.8213   4.401264   4.390786     15.523    254.506    256.045    91.3386 1.6740e+01    35.1757    35.1554      55891   2328.750         31         31     100.00  -44.00200  146.32098      20.74          1    1509.96     15.398     1.5115 4.6105e-04      20.74          1  0.000e+00
    15.9027    15.8225   4.400295   4.391105     15.489    254.574    256.038    91.3386 1.6460e+01    35.1681    35.1572      55892   2328.792         31         31     100.00  -44.00200  146.32098      20.74          1    1509.94     15.364     1.5115 4.6282e-04      20.74          1  0.000e+00
    15.9045    15.8198   4.399848   4.391099     15.476    254.767    255.878    91.3126 1.6367e+01    35.1625    35.1595      55893   2328.833         31         31     100.00  -44.00200  146.32098      20.74          1    1509.94     15.351     1.5115 4.6105e-04      20.74          1  0.000e+00
    15.9074    15.8150   4.399708   4.390812     15.523    254.811    255.880    91.3386 1.6321e+01    35.1586    35.1612      55894   2328.875         31         31     100.00  -44.00200  146.32098      20.74          1    1509.95     15.398     1.5115 4.6105e-04      20.74          1  0.000e+00
    15.9108    15.8117   4.399728   4.390200     15.489    254.848    255.878    91.3386 1.6093e+01    35.1559    35.1586      55895   2328.917         31         31     100.00  -44.00200  146.32098      20.74          1    1509.95     15.364     1.5042 4.6282e-04      20.74          1  0.000e+00
    15.9134    15.8102   4.399808   4.389687     15.523    254.903    255.870    91.3386 1.5957e+01    35.1542    35.1553      55896   2328.958         31         31     100.00  -44.00200  146.32098      20.74          1    1509.96     15.398     1.5189 4.7342e-04      20.74          1  0.000e+00
    15.9123    15.8143   4.399841   4.389600     15.571    254.958    255.664    91.3126 1.5957e+01    35.1555    35.1509      55897   2329.000         31         31     100.00  -44.00200  146.32098      20.74          1    1509.96     15.445     1.5189 4.8049e-04      20.74          1  0.000e+00
    15.9077    15.8110   4.399708   4.389647     15.476    255.022    255.628    91.3126 1.5734e+01    35.1584    35.1543      55898   2329.042         31         31     100.00  -44.00200  146.32098      20.74          1    1509.95     15.351     1.5189 4.8049e-04      20.74          1  0.000e+00
    15.8998    15.8048   4.399307   4.389627     15.537    255.107    255.608    91.3126 1.5645e+01    35.1619    35.1596      55899   2329.083         31         31     100.00  -44.00200  146.32098      20.74          1    1509.93     15.412     1.5189 4.7872e-04      20.74          1  0.000e+00
    15.8899    15.8026   4.398499   4.389660     15.523    255.216    255.399    91.3126 1.5601e+01    35.1634    35.1619      55900   2329.125         31         31     100.00  -44.00200  146.32098      20.74          1    1509.90     15.398     1.5189 4.8049e-04      20.74          1  0.000e+00
    15.8835    15.8023   4.397651   4.389634     15.523    255.299    255.314    91.3126 1.5470e+01    35.1615    35.1620      55901   2329.167         31         31     100.00  -44.00200  146.32098      20.74          1    1509.88     15.398     1.5189 4.7872e-04      20.74          1  0.000e+00
    15.8796    15.8016   4.396977   4.389534     15.571    255.358    255.233    91.4165 1.5339e+01    35.1590    35.1616      55902   2329.208         31         31     100.00  -44.00200  146.32098      20.74          1    1509.86     15.446     1.5189 4.8049e-04      20.74          1  0.000e+00
    15.8727    15.8006   4.396503   4.389527     15.537    255.421    255.149    91.6244 1.5339e+01    35.1609    35.1625      55903   2329.250         31         31     100.00  -44.00200  146.32098      20.74          1    1509.84     15.412     1.5189 4.8049e-04      20.74          1  0.000e+00
    15.8663    15.8007   4.396069   4.389480     15.524    255.495    254.891    91.6764 1.5253e+01    35.1626    35.1619      55904   2329.292         31         31     100.00  -44.00200  146.32098      20.73          1    1509.83     15.398     1.5189 4.8049e-04      20.73          1  0.000e+00
    15.8570    15.8001   4.395389   4.389387     15.571    255.416    254.789    91.6764 1.5125e+01    35.1648    35.1617      55905   2329.333         31         31     100.00  -44.00200  146.32098      20.74          1    1509.80     15.446     1.5189 4.7872e-04      20.74          1  0.000e+00
    15.8432    15.7992   4.394635   4.389241     15.537    255.492    254.687    91.6764 1.5082e+01    35.1704    35.1612      55906   2329.375         31         31     100.00  -44.00200  146.32098      20.74          1    1509.76     15.412     1.5189 4.8049e-04      20.74          1  0.000e+00
    15.8283    15.7953   4.393807   4.388781     15.524    255.573    254.602    91.6764 1.4997e+01    35.1762    35.1605      55907   2329.417         31         31     100.00  -44.00200  146.32098      20.73          1    1509.72     15.398     1.5189 4.8049e-04      20.73          1  0.000e+00
    15.8146    15.7885   4.392886   4.388022     15.571    255.653    254.534    91.6764 1.4913e+01    35.1801    35.1598      55908   2329.458         31         31      71.38  -44.00200  146.32098      20.74          1    1509.69     15.446     1.5189 4.8049e-04      20.74          1  0.000e+00
    15.8040    15.7825   4.391558   4.387056     15.571    255.725    254.315    91.6504 1.4913e+01    35.1776    35.1564      55909   2329.500         31         31      25.98  -44.00200  146.32098      20.74          1    1509.65     15.446     1.5189 4.8049e-04      20.74          1  0.000e+00
