example_project/CTD/in2018_v01_003.ros
* Sea-Bird SBE 9 Data File:
* FileName = D:\lowered_ctd\in2018_v01\seasave\in2018_v01_003\in2018_v01_003.hex
* Software Version Seasave V 7.26.7.107
* Temperature SN = 6189
* Conductivity SN = 4685
* Number of Bytes Per Scan = 37
* Number of Voltage Words = 4
* Number of Scans Averaged by the Deck Unit = 1
* NMEA Latitude = 44 07.18 S
* NMEA Longitude = 146 13.21 E
* NMEA UTC (Time) = Jan 11 2018 13:50:41
** Operator:
** CTD config:
** Ship: Investigator
** Cruise: in2018_v01
** Station:  in2018_v01_003
** Latitude:  -44 07.178
** Longitude:  146 13.204
** Depth:  1014
# nquan = 27
# nvalues = 5220                                  
# units = specified
# name 0 = t090C: Temperature [ITS-90, deg C]
# name 1 = t190C: Temperature, 2 [ITS-90, deg C]
# name 2 = c0S/m: Conductivity [S/m]
# name 3 = c1S/m: Conductivity, 2 [S/m]
# name 4 = prDM: Pressure, Digiquartz [db]
# name 5 = sbeox0Mm/L: Oxygen, SBE 43 [umol/l]
# name 6 = sbeox1Mm/L: Oxygen, SBE 43, 2 [umol/l]
# name 7 = CStarTr0: Beam Transmission, WET Labs C-Star [%]
# name 8 = par: PAR/Irradiance, Biospherical/Licor [umol photons/m^2/sec]
# name 9 = sal00: Salinity, Practical [PSU]
# name 10 = sal11: Salinity, Practical, 2 [PSU]
# name 11 = scan: Scan Count
# name 12 = timeS: Time, Elapsed [seconds]
# name 13 = nbf: Bottles Fired
# name 14 = bpos: Bottle Position in Carousel
# name 15 = altM: Altimeter [m]
# name 16 = latitude: Latitude [deg]
# name 17 = longitude: Longitude [deg]
# name 18 = ptempC: Pressure Temperature [deg C]
# name 19 = pumps: Pump Status
# name 20 = svCM: Sound Velocity [Chen-Millero, m/s]
# name 21 = depSM: Depth [salt water, m]
# name 22 = flECO-AFL: Fluorescence, WET Labs ECO-AFL/FL [mg/m^3]
# name 23 = turbWETbb0: Turbidity, WET Labs ECO BB [m^-1/sr]
# name 24 = ptempC: Pressure Temperature [deg C]
# name 25 = pumps: Pump Status
# name 26 = flag:  0.000e+00
# interval = seconds: 0.0416667
# start_time = Jan 11 2018 13:50:41 [NMEA time, header]
# bad_flag = -9.990e-29
*END*
[from data line 3061]
    12.1153    12.1157   4.028926   4.028967    100.820    246.661    240.481    99.2379 1.0000e-12    35.1306    35.1307     102004   4250.125         22         22     100.00  -44.11894  146.21936      12.98          1    1499.04     99.985     0.1929 1.4480e-04      12.98          1  0.000e+00
    12.1153    12.1156   4.028965   4.028980    100.847    246.504    240.537    99.2120 1.0000e-12    35.1310    35.1309     102005   4250.167         22         22     100.00  -44.11894  146.21936      12.98          1    1499.04    100.012     0.1929 1.4480e-04      12.98          1  0.000e+00
    12.1150    12.1157   4.028959   4.028929    100.820    246.485    240.594    99.2120 1.0000e-12    35.1312    35.1303     102006   4250.208         22         22     100.00  -44.11894  146.21936      12.98          1    1499.04     99.985     0.1929 1.4480e-04      12.98          1  0.000e+00
    12.1150    12.1154   4.028972   4.028974    100.820    246.655    240.685    99.2120 1.0000e-12    35.1314    35.1310     102007   4250.250         22         22     100.00  -44.11894  146.21936      12.98          1    1499.04     99.985     0.1929 1.4480e-04      12.98          1  0.000e+00
    12.1148    12.1154   4.028959   4.028961    100.847    246.501    240.753    99.2120 1.0000e-12    35.1314    35.1309     102008   4250.292         22         22     100.00  -44.11894  146.21936      12.98          1    1499.04    100.013     0.1929 1.4303e-04      12.98          1  0.000e+00
    12.1150    12.1153   4.028972   4.028955    100.820    246.480    240.822    99.2120 1.0000e-12    35.1314    35.1308     102009   4250.333         22         22     100.00  -44.11894  146.21936      12.98          1    1499.04     99.986     0.1929 1.4303e-04      12.98          1  0.000e+00
    12.1150    12.1151   4.028959   4.028929    100.820    246.652    240.896    99.2120 1.0000e-12    35.1312    35.1309     102010   4250.375         22         22     100.00  -44.11894  146.21936      12.98          1    1499.04     99.986     0.1929 1.4480e-04      12.98          1  0.000e+00
    12.1150    12.1153   4.028946   4.028942    100.800    246.668    240.971    99.2120 1.0000e-12    35.1311    35.1308     102011   4250.417         22         22     100.00  -44.11894  146.21936      12.98          1    1499.04     99.965     0.1929 1.4303e-04      12.98          1  0.000e+00
    12.1148    12.1150   4.028946   4.028955    100.820    246.668    241.053    99.2120 1.0000e-12    35.1313    35.1312     102012   4250.458         22         22     100.00  -44.11894  146.21936      12.98          1    1499.04     99.986     0.1929 1.4303e-04      12.98          1  0.000e+00
    12.1148    12.1153   4.028920   4.028929    100.820    246.685    241.136    99.2120 1.0000e-12    35.1310    35.1307     102013   4250.500         22         22     100.00  -44.11894  146.21936      12.98          1    1499.04     99.986     0.1929 1.4303e-04      12.98          1  0.000e+00
    12.1146    12.1149   4.028914   4.028916    100.848    246.531    241.417    99.2120 1.0000e-12    35.1311    35.1309     102014   4250.542         22         22     100.00  -44.11894  146.21936      12.98          1    1499.04    100.013     0.1929 1.4303e-04      12.98          1  0.000e+00
    12.1146    12.1149   4.028939   4.028890    100.820    246.529    241.342    99.2379 1.0000e-12    35.1314    35.1306     102015   4250.583         22         22     100.00  -44.11894  146.21936      12.98          1    1499.04     99.986     0.1929 1.4480e-04      12.98          1  0.000e+00
    12.1146    12.1151   4.028920   4.028910    100.820    246.720    241.405    99.2120 1.0000e-12    35.1312    35.1307     102016   4250.625         22         22     100.00  -44.11894  146.21936      12.98          1    1499.04     99.986     0.1929 1.4480e-04      12.98          1  0.000e+00
    12.1146    12.1150   4.028939   4.028967    100.800    246.565    241.662    99.2379 1.0000e-12    35.1314    35.1313     102017   4250.667         22         22     100.00  -44.11894  146.21936      12.98          1    1499.04     99.965     0.1929 1.4480e-04      12.98          1  0.000e+00
    12.1146    12.1149   4.028946   4.028910    100.820    246.549    241.759    99.2120 1.0000e-12    35.1314    35.1308     102018   4250.708         22         22     100.00  -44.11894  146.21936      12.98          1    1499.04     99.986     0.1929 1.4480e-04      12.98          1  0.000e+00
    12.1150    12.1151   4.028946   4.028935    100.820    246.721    241.854    99.2120 1.0000e-12    35.1311    35.1309     102019   4250.750         22         22     100.00  -44.11894  146.21936      12.98          1    1499.04     99.986     0.1929 1.4480e-04      12.98          1  0.000e+00
    12.1146    12.1149   4.028946   4.028955    100.821    246.569    241.952    99.2120 1.0000e-12    35.1314    35.1313     102020   4250.792         22         22     100.00  -44.11894  146.21936      12.98          1    1499.04     99.986     0.1929 1.4303e-04      12.98          1  0.000e+00
    12.1150    12.1147   4.028946   4.028929    100.848    246.571    242.023    99.2120 1.0000e-12    35.1311    35.1312     102021   4250.833         22         22     100.00  -44.11894  146.21936      12.98          1    1499.04    100.013     0.1929 1.4480e-04      12.98          1  0.000e+00
    12.1148    12.1150   4.028920   4.028942    100.821    246.746    242.091    99.2120 1.0000e-12    35.1310    35.1310     102022   4250.875         22         22     100.00  -44.11894  146.21936      12.98          1    1499.04     99.986     0.1929 1.4480e-04      12.98          1  0.000e+00
    12.1150    12.1149   4.028914   4.028955    100.821    246.576    242.161    99.2120 1.0000e-12    35.1308    35.1312     102023   4250.917         22         22     100.00  -44.11894  146.21936      12.98          1    1499.04     99.986     0.2515 1.4833e-04      12.98          1  0.000e+00
    12.1146    12.1147   4.028914   4.028929    100.848    246.562    242.232    99.2120 1.0000e-12    35.1311    35.1312     102024   4250.958         22         22     100.00  -44.11894  146.21938      12.98          1    1499.04    100.013     0.2881 1.5186e-04      12.98          1  0.000e+00
    12.1144    12.1145   4.028933   4.028967    100.821    246.737    242.272    99.2379 1.0000e-12    35.1315    35.1317     102025   4251.000         22         22     100.00  -44.11894  146.21938      12.98          1    1499.04     99.986     0.2881 1.5186e-04      12.98          1  0.000e+00
    12.1145    12.1149   4.028920   4.028961    100.821    246.758    242.311    99.2639 1.0000e-12    35.1313    35.1313     102026   4251.042         22         22     100.00  -44.11894  146.21938      12.98          1    1499.04     99.986     0.2881 1.5186e-04      12.98          1  0.000e+00
    12.1146    12.1153   4.028965   4.028980    100.848    246.760    242.348    99.2639 1.0000e-12    35.1316    35.1311     102027   4251.083         22         22     100.00  -44.11894  146.21938      12.98          1    1499.04    100.013     0.2808 1.5186e-04      12.98          1  0.000e+00
    12.1143    12.1154   4.028984   4.028987    100.821    246.780    242.384    99.2639 1.0000e-12    35.1321    35.1311     102028   4251.125         22         22     100.00  -44.11894  146.21938      12.98          1    1499.04     99.986     0.2881 1.5186e-04      12.98          1  0.000e+00
    12.1144    12.1156   4.028952   4.028987    100.868    246.629    242.392    99.2639 1.0000e-12    35.1317    35.1309     102029   4251.167         22         22     100.00  -44.11894  146.21938      12.98          1    1499.04    100.033     0.2881 1.5186e-04      12.98          1  0.000e+00
    12.1145    12.1157   4.028946   4.028961    100.848    246.613    242.425    99.2639 1.0000e-12    35.1316    35.1306     102030   4251.208         22         22     100.00  -44.11894  146.21938      12.98          1    1499.04    100.013     0.2881 1.5186e-04      12.98          1  0.000e+00
    12.1144    12.1154   4.028952   4.028974    100.821    246.787    242.428    99.2639 1.0000e-12    35.1317    35.1310     102031   4251.250         22         22     100.00  -44.11894  146.21938      12.98          1    1499.04     99.986     0.2808 1.5186e-04      12.98          1  0.000e+00
    12.1146    12.1153   4.028894   4.028987    100.868    246.619    242.431    99.2639 1.0000e-12    35.1309    35.1312     102032   4251.292         22         22     100.00  -44.11894  146.21938      12.98          1    1499.04    100.033     0.2881 1.5186e-04      12.98          1  0.000e+00
    12.1148    12.1153   4.028901   4.028961    100.848    246.602    242.429    99.2639 1.0000e-12    35.1308    35.1309     102033   4251.333         22         22     100.00  -44.11894  146.21938      12.98          1    1499.04    100.013     0.2881 1.5186e-04      12.98          1  0.000e+00
    12.1143    12.1156   4.028914   4.028974    100.821    246.778    242.424    99.2639 1.0000e-12    35.1314    35.1308     102034   4251.375         22         22     100.00  -44.11894  146.21938      12.98          1    1499.04     99.986     0.2881 1.5186e-04      12.98          1  0.000e+00
    12.1144    12.1153   4.028888   4.028987    100.869    246.628    242.612    99.2639 1.0000e-12    35.1310    35.1311     102035   4251.417         22         22     100.00  -44.11894  146.21938      12.98          1    1499.04    100.033     0.2881 1.5186e-04      12.98          1  0.000e+00
    12.1145    12.1154   4.028901   4.028961    100.848    246.612    242.438    99.2639 1.0000e-12    35.1311    35.1309     102036   4251.458         22         22     100.00  -44.11894  146.21938      12.98          1    1499.04    100.013     0.2881 1.5186e-04      12.98          1  0.000e+00
    12.1143    12.1156   4.028939   4.028955    100.869    246.789    242.618    99.2639 1.0000e-12    35.1317    35.1306     102037   4251.500         22         22     100.00  -44.11894  146.21938      12.98          1    1499.04    100.033     0.2881 1.5186e-04      12.98          1  0.000e+00
    12.1145    12.1155   4.028946   4.028955    100.869    246.619    242.440    99.2639 1.0000e-12    35.1316    35.1306     102038   4251.542         22         22     100.00  -44.11894  146.21938      12.98          1    1499.04    100.034     0.2808 1.5186e-04      12.98          1  0.000e+00
    12.1143    12.1156   4.028920   4.028980    100.896    246.606    242.423    99.2639 1.0000e-12    35.1315    35.1308     102039   4251.583         22         22     100.00  -44.11894  146.21938      12.98          1    1499.04    100.061     0.2881 1.5186e-04      12.98          1  0.000e+00
    12.1143    12.1157   4.028939   4.028987    100.821    246.607    242.400    99.2639 1.0000e-12    35.1317    35.1308     102040   4251.625         22         22     100.00  -44.11894  146.21938      12.98          1    1499.04     99.986     0.2881 1.5186e-04      12.98          1  0.000e+00
    12.1144    12.1156   4.028946   4.028967    100.869    246.594    242.380    99.2639 1.0000e-12    35.1316    35.1307     102041   4251.667         22         22     100.00  -44.11894  146.21938      12.98          1    1499.04    100.034     0.2881 1.5186e-04      12.98          1  0.000e+00
    12.1145    12.1157   4.028920   4.028980    100.896    246.581    242.356    99.2639 1.0000e-12    35.1313    35.1307     102042   4251.708         22         22     100.00  -44.11894  146.21938      12.98          1    1499.04    100.061     0.2881 1.5186e-04      12.98          1  0.000e+00
    12.1144    12.1153   4.028933   4.028987    100.869    246.756    242.330    99.2639 1.0000e-12    35.1315    35.1311     102043   4251.750         22         22     100.00  -44.11894  146.21938      12.98          1    1499.04    100.034     0.2808 1.5186e-04      12.98          1  0.000e+00
    12.1146    12.1159   4.028920   4.028987    100.869    246.587    242.298    99.2379 1.0000e-12    35.1312    35.1306     102044   4251.792         22         22     100.00  -44.11894  146.21938      12.98          1    1499.04    100.034     0.2881 1.5186e-04      12.98          1  0.000e+00
    12.1146    12.1159   4.028914   4.029006    100.896    246.574    242.268    99.2639 1.0000e-12    35.1311    35.1308     102045   4251.833         22         22     100.00  -44.11894  146.21938      12.98          1    1499.04    100.061     0.2881 1.5186e-04      12.98          1  0.000e+00
    12.1143    12.1160   4.028888   4.028974    100.869    246.579    242.233    99.2639 1.0000e-12    35.1312    35.1304     102046   4251.875         22         22     100.00  -44.11894  146.21938      12.98          1    1499.04    100.034     0.2881 1.5186e-04      12.98          1  0.000e+00
    12.1141    12.1159   4.028875   4.029000    100.923    246.568    242.199    99.2639 1.0000e-12    35.1312    35.1307     102047   4251.917         22         22     100.00  -44.11894  146.21938      12.98          1    1499.04    100.088     0.2881 1.5186e-04      12.98          1  0.000e+00
    12.1143    12.1162   4.028933   4.028993    100.896    246.553    242.159    99.2639 1.0000e-12    35.1316    35.1304     102048   4251.958         22         22     100.00  -44.11894  146.21938      12.98          1    1499.04    100.061     0.2515 1.5363e-04      12.98          1  0.000e+00
    12.1141    12.1161   4.028869   4.028987    100.869    246.559    242.147    99.2639 1.0000e-12    35.1311    35.1305     102049   4252.000         22         22     100.00  -44.11894  146.21938      12.98          1    1499.04    100.034     0.1929 1.5893e-04      12.98          1  0.000e+00
    12.1140    12.1159   4.028894   4.028987    100.923    246.548    242.107    99.2639 1.0000e-12    35.1315    35.1306     102050   4252.042         22         22     100.00  -44.11894  146.21938      12.98          1    1499.04    100.088     0.1709 1.6070e-04      12.98          1  0.000e+00
    12.1143    12.1160   4.028939   4.028987    100.896    246.532    242.091    99.2639 1.0000e-12    35.1316    35.1305     102051   4252.083         22         22     100.00  -44.11894  146.21938      12.98          1    1499.04    100.061     0.1709 1.6070e-04      12.98          1  0.000e+00
    12.1143    12.1159   4.028920   4.029019    100.923    246.521    242.075    99.2639 1.0000e-12    35.1314    35.1309     102052   4252.125         22         22     100.00  -44.11894  146.21938      12.98          1    1499.04    100.088     0.1782 1.6070e-04      12.98          1  0.000e+00
    12.1146    12.1160   4.028939   4.029019    100.923    246.698    242.058    99.2639 1.0000e-12    35.1313    35.1308     102053   4252.167         22         22     100.00  -44.11894  146.21938      12.98          1    1499.04    100.088     0.1782 1.6070e-04      12.98          1  0.000e+00
    12.1146    12.1159   4.028946   4.029000    100.951    246.531    241.849    99.2639 1.0000e-12    35.1314    35.1307     102054   4252.208         22         22     100.00  -44.11894  146.21938      12.98          1    1499.04    100.115     0.1782 1.6070e-04      12.98          1  0.000e+00
    12.1148    12.1161   4.028920   4.029013    100.924    246.690    241.801    99.2639 1.0000e-12    35.1310    35.1307     102055   4252.250         22         22     100.00  -44.11894  146.21938      12.98          1    1499.04    100.088     0.1782 1.6070e-04      12.98          1  0.000e+00
    12.1148    12.1160   4.028933   4.028993    100.924    246.713    241.946    99.2639 1.0000e-12    35.1311    35.1305     102056   4252.292         22         22     100.00  -44.11894  146.21938      12.98          1    1499.04    100.088     0.1782 1.6070e-04      12.98          1  0.000e+00
