example_project/CTD/in2018_v01_002.ros
* Sea-Bird SBE 9 Data File:
* FileName = D:\lowered_ctd\in2018_v01\seasave\in2018_v01_001\in2018_v01_002.hex
* Software Version Seasave V 7.26.7.107
* Temperature SN = 6189
* Conductivity SN = 4685
* Number of Bytes Per Scan = 37
* Number of Voltage Words = 4
* Number of Scans Averaged by the Deck Unit = 1
* NMEA Latitude = 44 02.98 S
* NMEA Longitude = 146 17.41 E
* NMEA UTC (Time) = Jan 11 2018 11:12:11
** Operator:
** CTD config:
** Ship: Investigator
** Cruise: in2018_v01
** Station:  in2018_v01_002
** Latitude:  -44 02.986
** Longitude:  146 17.403
** Depth:  0555
# nquan = 27
# nvalues = 5220                                  
# units = specified
# name 0 = t090C: Temperature [ITS-90, deg C]
# name 1 = t190C: Temperature, 2 [ITS-90, deg C]
# name 2 = c0S/m: Conductivity [S/m]
# name 3 = c1S/m: Conductivity, 2 [S/m]
# name 4 = prDM: Pressure, Digiquartz [db]
# name 5 = sbeox0Mm/L: Oxygen, SBE 43 [umol/l]
# name 6 = sbeox1Mm/L: Oxygen, SBE 43, 2 [umol/l]
# name 7 = CStarTr0: Beam Transmission, WET Labs C-Star [%]
# name 8 = par: PAR/Irradiance, Biospherical/Licor [umol photons/m^2/sec]
# name 9 = sal00: Salinity, Practical [PSU]
# name 10 = sal11: Salinity, Practical, 2 [PSU]
# name 11 = scan: Scan Count
# name 12 = timeS: Time, Elapsed [seconds]
# name 13 = nbf: Bottles Fired
# name 14 = bpos: Bottle Position in Carousel
# name 15 = altM: Altimeter [m]
# name 16 = latitude: Latitude [deg]
# name 17 = longitude: Longitude [deg]
# name 18 = ptempC: Pressure Temperature [deg C]
# name 19 = pumps: Pump Status
# name 20 = svCM: Sound Velocity [Chen-Millero, m/s]
# name 21 = depSM: Depth [salt water, m]
# name 22 = flECO-AFL: Fluorescence, WET Labs ECO-AFL/FL [mg/m^3]
# name 23 = turbWETbb0: Turbidity, WET Labs ECO BB [m^-1/sr]
# name 24 = ptempC: Pressure Temperature [deg C]
# name 25 = pumps: Pump Status
# name 26 = flag:  0.000e+00
# interval = seconds: 0.0416667
# start_time = Jan 11 2018 11:12:11 [NMEA time, header]
# bad_flag = -9.990e-29
*END*
[from data line 1128]
     9.3947     9.3958   3.743639   3.743680    469.577    237.212    235.091    99.5757 1.0000e-12    34.6978    34.6971      77159   3214.917          8          8      94.41  -44.04952  146.28970      16.38          1    1495.01    465.278     0.0463 1.3066e-04      16.38          1  0.000e+00
     9.3945     9.3956   3.743608   3.743680    469.536    237.388    235.298    99.5757 1.0000e-12    34.6976    34.6973      77160   3214.958          8          8      94.41  -44.04952  146.28970      16.38          1    1495.01    465.237     0.0463 1.3066e-04      16.38          1  0.000e+00
     9.3945     9.3956   3.743602   3.743680    469.577    237.197    235.141    99.5498 1.0000e-12    34.6976    34.6973      77161   3215.000          8          8      94.41  -44.04952  146.28970      16.38          1    1495.01    465.278     0.0463 1.3066e-04      16.38          1  0.000e+00
     9.3947     9.3960   3.743608   3.743699    469.536    237.175    235.127    99.5757 1.0000e-12    34.6975    34.6972      77162   3215.042          8          8      94.41  -44.04952  146.28970      16.38          1    1495.01    465.237     0.0463 1.3066e-04      16.38          1  0.000e+00
     9.3948     9.3958   3.743633   3.743687    469.529    237.156    235.118    99.5757 1.0000e-12    34.6976    34.6972      77163   3215.083          8          8      94.41  -44.04952  146.28970      16.38          1    1495.01    465.230     0.0463 1.3066e-04      16.38          1  0.000e+00
     9.3945     9.3956   3.743639   3.743649    469.584    237.338    235.153    99.5757 1.0000e-12    34.6979    34.6970      77164   3215.125          8          8      94.41  -44.04952  146.28970      16.38          1    1495.01    465.285     0.0463 1.3066e-04      16.38          1  0.000e+00
     9.3947     9.3955   3.743639   3.743643    469.481    237.145    235.146    99.5757 1.0000e-12    34.6978    34.6971      77165   3215.167          8          8      94.75  -44.04952  146.28970      16.38          1    1495.01    465.183     0.0463 1.3066e-04      16.38          1  0.000e+00
     9.3945     9.3955   3.743639   3.743643    469.536    237.328    235.144    99.5757 1.0000e-12    34.6980    34.6971      77166   3215.208          8          8      95.07  -44.04952  146.28970      16.38          1    1495.01    465.237     0.0463 1.3066e-04      16.38          1  0.000e+00
     9.3945     9.3953   3.743608   3.743618    469.481    237.335    235.142    99.5757 1.0000e-12    34.6977    34.6970      77167   3215.250          8          8      95.12  -44.04952  146.28970      16.38          1    1495.01    465.183     0.0463 1.3066e-04      16.38          1  0.000e+00
     9.3947     9.3952   3.743602   3.743612    469.536    237.344    235.144    99.5757 1.0000e-12    34.6974    34.6970      77168   3215.292          8          8      95.02  -44.04952  146.28970      16.38          1    1495.01    465.237     0.0463 1.2890e-04      16.38          1  0.000e+00
     9.3945     9.3950   3.743627   3.743612    469.481    237.376    235.145    99.5757 1.0000e-12    34.6979    34.6972      77169   3215.333          8          8      94.65  -44.04952  146.28970      16.38          1    1495.01    465.183     0.0463 1.3066e-04      16.38          1  0.000e+00
     9.3943     9.3948   3.743645   3.743555    469.433    237.384    235.148    99.5757 1.0000e-12    34.6982    34.6968      77170   3215.375          8          8      94.51  -44.04952  146.28970      16.38          1    1495.01    465.135     0.0463 1.3066e-04      16.38          1  0.000e+00
     9.3945     9.3945   3.743639   3.743493    469.481    237.394    235.196    99.5757 1.0000e-12    34.6980    34.6965      77171   3215.417          8          8      94.51  -44.04952  146.28970      16.38          1    1495.01    465.183     0.0463 1.3066e-04      16.38          1  0.000e+00
     9.3945     9.3943   3.743658   3.743480    469.481    237.206    235.245    99.5757 1.0000e-12    34.6982    34.6965      77172   3215.458          8          8      94.55  -44.04952  146.28970      16.38          1    1495.01    465.183     0.0463 1.3066e-04      16.38          1  0.000e+00
     9.3943     9.3940   3.743645   3.743524    469.426    237.216    235.255    99.5757 1.0000e-12    34.6982    34.6973      77173   3215.500          8          8      94.60  -44.04952  146.28970      16.38          1    1495.01    465.129     0.0463 1.3066e-04      16.38          1  0.000e+00
     9.3943     9.3939   3.743583   3.743468    469.433    237.403    235.269    99.5757 1.0000e-12    34.6976    34.6969      77174   3215.542          8          8      94.60  -44.04952  146.28970      16.38          1    1495.01    465.135     0.0463 1.3066e-04      16.38          1  0.000e+00
     9.3940     9.3937   3.743570   3.743449    469.378    237.217    235.283    99.5757 1.0000e-12    34.6978    34.6969      77175   3215.583          8          8      94.63  -44.04952  146.28970      16.38          1    1495.00    465.081     0.0463 1.3066e-04      16.38          1  0.000e+00
     9.3940     9.3937   3.743570   3.743418    469.433    237.431    235.301    99.5757 1.0000e-12    34.6978    34.6965      77176   3215.625          8          8      94.70  -44.04952  146.28970      16.38          1    1495.00    465.136     0.0463 1.3066e-04      16.38          1  0.000e+00
     9.3935     9.3936   3.743570   3.743412    469.378    237.445    235.317    99.5757 1.0000e-12    34.6983    34.6966      77177   3215.667          8          8      94.73  -44.04952  146.28970      16.38          1    1495.00    465.081     0.0463 1.3066e-04      16.38          1  0.000e+00
     9.3935     9.3936   3.743533   3.743412    469.330    237.459    235.334    99.5757 1.0000e-12    34.6979    34.6966      77178   3215.708          8          8      94.73  -44.04952  146.28970      16.38          1    1495.00    465.034     0.0463 1.3066e-04      16.38          1  0.000e+00
     9.3935     9.3934   3.743558   3.743412    469.378    237.499    235.357    99.5757 1.0000e-12    34.6982    34.6968      77179   3215.750          8          8      94.75  -44.04952  146.28970      16.38          1    1495.00    465.081     0.0463 1.3066e-04      16.38          1  0.000e+00
     9.3938     9.3934   3.743545   3.743387    469.330    237.512    235.378    99.5757 1.0000e-12    34.6977    34.6966      77180   3215.792          8          8      94.75  -44.04948  146.28980      16.38          1    1495.00    465.034     0.0463 1.3066e-04      16.38          1  0.000e+00
     9.3942     9.3939   3.743539   3.743455    469.378    237.527    235.401    99.5757 1.0000e-12    34.6973    34.6968      77181   3215.833          8          8      94.75  -44.04948  146.28980      16.38          1    1495.00    465.081     0.0463 1.3066e-04      16.38          1  0.000e+00
     9.3943     9.3936   3.743583   3.743424    469.282    237.341    235.425    99.5498 1.0000e-12    34.6977    34.6968      77182   3215.875          8          8      94.75  -44.04948  146.28980      16.38          1    1495.00    464.986     0.0463 1.3066e-04      16.38          1  0.000e+00
     9.3945     9.3934   3.743602   3.743412    469.323    237.531    235.454    99.5757 1.0000e-12    34.6977    34.6968      77183   3215.917          8          8      94.77  -44.04948  146.28980      16.38          1    1495.00    465.027     0.0463 1.3066e-04      16.38          1  0.000e+00
     9.3945     9.3936   3.743627   3.743412    469.282    237.545    235.480    99.5757 1.0000e-12    34.6980    34.6967      77184   3215.958          8          8      94.77  -44.04948  146.28980      16.38          1    1495.00    464.986     0.0463 1.4480e-04      16.38          1  0.000e+00
     9.3947     9.3936   3.743639   3.743412    469.275    237.560    235.510    99.5757 1.0000e-12    34.6979    34.6967      77185   3216.000          8          8      94.77  -44.04948  146.28980      16.38          1    1495.00    464.979     0.0537 1.7483e-04      16.38          1  0.000e+00
     9.3947     9.3932   3.743620   3.743387    469.282    237.577    235.504    99.5757 1.0000e-12    34.6977    34.6967      77186   3216.042          8          8      94.77  -44.04948  146.28980      16.38          1    1495.00    464.986     0.0610 1.8367e-04      16.38          1  0.000e+00
     9.3943     9.3934   3.743652   3.743380    469.227    237.592    235.715    99.5757 1.0000e-12    34.6984    34.6966      77187   3216.083          8          8      94.77  -44.04948  146.28980      16.39          1    1495.00    464.932     0.0610 1.8367e-04      16.39          1  0.000e+00
     9.3935     9.3931   3.743614   3.743355    469.227    237.613    235.564    99.5757 1.0000e-12    34.6988    34.6966      77188   3216.125          8          8      94.77  -44.04948  146.28980      16.38          1    1495.00    464.932     0.0610 1.8190e-04      16.38          1  0.000e+00
     9.3937     9.3931   3.743551   3.743368    469.227    237.629    235.595    99.5757 1.0000e-12    34.6980    34.6967      77189   3216.167          8          8      94.77  -44.04948  146.28980      16.38          1    1495.00    464.932     0.0610 1.8190e-04      16.38          1  0.000e+00
     9.3935     9.3931   3.743514   3.743355    469.179    237.645    235.627    99.5757 1.0000e-12    34.6978    34.6966      77190   3216.208          8          8      94.87  -44.04948  146.28980      16.38          1    1495.00    464.884     0.0610 1.8190e-04      16.38          1  0.000e+00
     9.3906     9.3927   3.743188   3.743262    468.528    237.924    235.608    99.5757 1.0000e-12    34.6975    34.6963      77572   3232.125          9          9      95.75  -44.04948  146.28976      16.38          1    1494.98    464.240     0.0610 1.3066e-04      16.38          1  0.000e+00
     9.3906     9.3929   3.743170   3.743299    468.528    237.900    235.608    99.5498 1.0000e-12    34.6973    34.6965      77573   3232.167          9          9      95.75  -44.04948  146.28976      16.38          1    1494.98    464.240     0.0610 1.3066e-04      16.38          1  0.000e+00
     9.3906     9.3929   3.743145   3.743361    468.480    237.899    235.607    99.5498 1.0000e-12    34.6971    34.6972      77574   3232.208          9          9      95.75  -44.04948  146.28976      16.38          1    1494.98    464.192     0.0610 1.3066e-04      16.38          1  0.000e+00
     9.3906     9.3931   3.743163   3.743355    468.473    238.095    235.608    99.5757 1.0000e-12    34.6973    34.6969      77575   3232.250          9          9      95.73  -44.04948  146.28976      16.38          1    1494.98    464.185     0.0610 1.3066e-04      16.38          1  0.000e+00
     9.3906     9.3931   3.743176   3.743349    468.583    238.120    235.613    99.5498 1.0000e-12    34.6974    34.6968      77576   3232.292          9          9      95.73  -44.04948  146.28976      16.38          1    1494.98    464.294     0.0537 1.3066e-04      16.38          1  0.000e+00
     9.3904     9.3931   3.743176   3.743324    468.528    237.941    235.613    99.5757 1.0000e-12    34.6976    34.6966      77577   3232.333          9          9      95.73  -44.04948  146.28976      16.38          1    1494.98    464.240     0.0610 1.3066e-04      16.38          1  0.000e+00
     9.3906     9.3932   3.743176   3.743336    468.528    238.131    235.614    99.5757 1.0000e-12    34.6974    34.6966      77578   3232.375          9          9      95.73  -44.04948  146.28976      16.38          1    1494.98    464.240     0.0610 1.3066e-04      16.38          1  0.000e+00
     9.3904     9.3932   3.743176   3.743368    468.528    238.148    235.615    99.5757 1.0000e-12    34.6976    34.6969      77579   3232.417          9          9      95.73  -44.04948  146.28976      16.38          1    1494.98    464.240     0.0610 1.2890e-04      16.38          1  0.000e+00
     9.3907     9.3932   3.743151   3.743380    468.583    237.941    235.839    99.5757 1.0000e-12    34.6970    34.6970      77580   3232.458          9          9      95.73  -44.04948  146.28976      16.38          1    1494.98    464.294     0.0610 1.3066e-04      16.38          1  0.000e+00
     9.3906     9.3932   3.743151   3.743355    468.576    238.126    235.878    99.5757 1.0000e-12    34.6971    34.6967      77581   3232.500          9          9      95.97  -44.04948  146.28976      16.38          1    1494.98    464.287     0.0610 1.3066e-04      16.38          1  0.000e+00
     9.3909     9.3932   3.743170   3.743368    468.583    237.938    235.914    99.5757 1.0000e-12    34.6970    34.6969      77582   3232.542          9          9      96.26  -44.04948  146.28976      16.38          1    1494.98    464.294     0.0610 1.3066e-04      16.38          1  0.000e+00
     9.3909     9.3932   3.743176   3.743355    468.624    238.121    235.950    99.5498 1.0000e-12    34.6971    34.6967      77583   3232.583          9          9      96.31  -44.04948  146.28976      16.38          1    1494.98    464.335     0.0610 1.3066e-04      16.38          1  0.000e+00
     9.3911     9.3931   3.743176   3.743368    468.583    238.126    235.983    99.5757 1.0000e-12    34.6969    34.6970      77584   3232.625          9          9      96.26  -44.04948  146.28976      16.38          1    1494.98    464.294     0.0610 1.3066e-04      16.38          1  0.000e+00
     9.3909     9.3932   3.743195   3.743330    468.679    238.134    235.796    99.5498 1.0000e-12    34.6972    34.6964      77585   3232.667          9          9      96.14  -44.04948  146.28976      16.38          1    1494.98    464.389     0.0610 1.3066e-04      16.38          1  0.000e+00
     9.3909     9.3931   3.743207   3.743361    468.624    238.110    236.009    99.5757 1.0000e-12    34.6974    34.6969      77586   3232.708          9          9      96.07  -44.04948  146.28976      16.38          1    1494.98    464.335     0.0537 1.3066e-04      16.38          1  0.000e+00
     9.3912     9.3927   3.743207   3.743305    468.631    237.912    236.042    99.5757 1.0000e-12    34.6971    34.6967      77587   3232.750          9          9      96.04  -44.04948  146.28976      16.38          1    1494.98    464.342     0.0610 1.3066e-04      16.38          1  0.000e+00
     9.3912     9.3926   3.743226   3.743280    468.679    238.085    236.073    99.5757 1.0000e-12    34.6972    34.6965      77588   3232.792          9          9      95.75  -44.04948  146.28976      16.38          1    1494.98    464.389     0.0610 1.3066e-04      16.38          1  0.000e+00
     9.3912     9.3926   3.743213   3.743305    468.686    238.082    236.100    99.5757 1.0000e-12    34.6971    34.6968      77589   3232.833          9          9      95.36  -44.04948  146.28976      16.38          1    1494.98    464.396     0.0610 1.3066e-04      16.38          1  0.000e+00
     9.3911     9.3924   3.743213   3.743337    468.679    237.880    236.125    99.5757 1.0000e-12    34.6973    34.6973      77590   3232.875          9          9      95.29  -44.04948  146.28976      16.38          1    1494.98    464.389     0.0610 1.3066e-04      16.38          1  0.000e+00
     9.3912     9.3926   3.743232   3.743324    468.686    238.046    236.148    99.5757 1.0000e-12    34.6973    34.6970      77591   3232.917          9          9      95.29  -44.04948  146.28976      16.38          1    1494.98    464.396     0.0610 1.3066e-04      16.38          1  0.000e+00
     9.3911     9.3927   3.743238   3.743337    468.727    238.040    236.171    99.5757 1.0000e-12    34.6975    34.6969      77592   3232.958          9          9      95.31  -44.04948  146.28976      16.38          1    1494.98    464.437     0.0610 1.3066e-04      16.38          1  0.000e+00
