example_project/CTD/in2018_v01_003.ros
* Sea-Bird SBE 9 Data File:
* FileName = D:\lowered_ctd\in2018_v01\seasave\in2018_v01_003\in2018_v01_003.hex
* Software Version Seasave V 7.26.7.107
* Temperature SN = 6189
* Conductivity SN = 4685
* Number of Bytes Per Scan = 37
* Number of Voltage Words = 4
* Number of Scans Averaged by the Deck Unit = 1
* NMEA Latitude = 44 07.18 S
* NMEA Longitude = 146 13.21 E
* NMEA UTC (Time) = Jan 11 2018 13:50:41
** Operator:
** CTD config:
** Ship: Investigator
** Cruise: in2018_v01
** Station:  in2018_v01_003
** Latitude:  -44 07.178
** Longitude:  146 13.204
** Depth:  1014
# nquan = 27
# nvalues = 5220                                  
# units = specified
# name 0 = t090C: Temperature [ITS-90, deg C]
# name 1 = t190C: Temperature, 2 [ITS-90, deg C]
# name 2 = c0S/m: Conductivity [S/m]
# name 3 = c1S/m: Conductivity, 2 [S/m]
# name 4 = prDM: Pressure, Digiquartz [db]
# name 5 = sbeox0Mm/L: Oxygen, SBE 43 [umol/l]
# name 6 = sbeox1Mm/L: Oxygen, SBE 43, 2 [umol/l]
# name 7 = CStarTr0: Beam Transmission, WET Labs C-Star [%]
# name 8 = par: PAR/Irradiance, Biospherical/Licor [umol photons/m^2/sec]
# name 9 = sal00: Salinity, Practical [PSU]
# name 10 = sal11: Salinity, Practical, 2 [PSU]
# name 11 = scan: Scan Count
# name 12 = timeS: Time, Elapsed [seconds]
# name 13 = nbf: Bottles Fired
# name 14 = bpos: Bottle Position in Carousel
# name 15 = altM: Altimeter [m]
# name 16 = latitude: Latitude [deg]
# name 17 = longitude: Longitude [deg]
# name 18 = ptempC: Pressure Temperature [deg C]
# name 19 = pumps: Pump Status
# name 20 = svCM: Sound Velocity [Chen-Millero, m/s]
# name 21 = depSM: Depth [salt water, m]
# name 22 = flECO-AFL: Fluorescence, WET Labs ECO-AFL/FL [mg/m^3]
# name 23 = turbWETbb0: Turbidity, WET Labs ECO BB [m^-1/sr]
# name 24 = ptempC: Pressure Temperature [deg C]
# name 25 = pumps: Pump Status
# name 26 = flag:  0.000e+00
# interval = seconds: 0.0416667
# start_time = Jan 11 2018 13:50:41 [NMEA time, header]
# bad_flag = -9.990e-29
*END*
[from data line 2094]
     9.3422     9.3438   3.736133   3.736213    450.925    243.787    238.430    99.6537 1.0000e-12    34.6794    34.6786      81739   3405.750         15         15     100.00  -44.11930  146.21968      13.80          1    1494.49    446.814     0.0537 1.3243e-04      13.80          1  0.000e+00
     9.3418     9.3435   3.736071   3.736225    450.877    243.982    238.417    99.6537 1.0000e-12    34.6790    34.6791      81740   3405.792         15         15     100.00  -44.11930  146.21968      13.77          1    1494.48    446.767     0.0537 1.3066e-04      13.77          1  0.000e+00
     9.3418     9.3431   3.736096   3.736238    450.877    244.002    238.405    99.6797 1.0000e-12    34.6793    34.6795      81741   3405.833         15         15     100.00  -44.11930  146.21968      13.77          1    1494.49    446.767     0.0537 1.3243e-04      13.77          1  0.000e+00
     9.3417     9.3431   3.736058   3.736213    450.925    243.827    238.394    99.6797 1.0000e-12    34.6791    34.6793      81742   3405.875         15         15     100.00  -44.11930  146.21968      13.80          1    1494.48    446.814     0.0610 1.3243e-04      13.80          1  0.000e+00
     9.3414     9.3433   3.736021   3.736238    450.877    244.017    238.600    99.6797 1.0000e-12    34.6790    34.6794      81743   3405.917         15         15     100.00  -44.11930  146.21968      13.77          1    1494.48    446.767     0.0610 1.3243e-04      13.77          1  0.000e+00
     9.3411     9.3438   3.735989   3.736269    450.877    244.033    238.401    99.6797 1.0000e-12    34.6789    34.6792      81744   3405.958         15         15     100.00  -44.11928  146.21968      13.77          1    1494.48    446.767     0.0610 1.3243e-04      13.77          1  0.000e+00
     9.3414     9.3441   3.736027   3.736344    450.877    244.019    238.384    99.6797 1.0000e-12    34.6790    34.6797      81745   3406.000         15         15     100.00  -44.11928  146.21968      13.80          1    1494.48    446.767     0.0537 1.3243e-04      13.80          1  0.000e+00
     9.3417     9.3445   3.736008   3.736344    450.822    244.027    238.366    99.6797 1.0000e-12    34.6786    34.6794      81746   3406.042         15         15     100.00  -44.11928  146.21968      13.80          1    1494.48    446.712     0.0610 1.3243e-04      13.80          1  0.000e+00
     9.3417     9.3446   3.736033   3.736356    450.877    244.036    238.574    99.6797 1.0000e-12    34.6788    34.6793      81747   3406.083         15         15     100.00  -44.11928  146.21968      13.80          1    1494.48    446.767     0.0537 1.3243e-04      13.80          1  0.000e+00
     9.3415     9.3446   3.736071   3.736344    450.843    243.845    238.374    99.6797 1.0000e-12    34.6794    34.6792      81748   3406.125         15         15     100.00  -44.11928  146.21968      13.77          1    1494.48    446.733     0.0610 1.3243e-04      13.77          1  0.000e+00
     9.3417     9.3446   3.736052   3.736319    450.877    244.048    238.360    99.6797 1.0000e-12    34.6790    34.6789      81749   3406.167         15         15     100.00  -44.11928  146.21968      13.77          1    1494.48    446.767     0.0610 1.3066e-04      13.77          1  0.000e+00
     9.3417     9.3440   3.736071   3.736282    450.823    244.247    238.346    99.6797 1.0000e-12    34.6793    34.6792      81750   3406.208         15         15     100.00  -44.11928  146.21968      13.77          1    1494.48    446.713     0.0537 1.3243e-04      13.77          1  0.000e+00
     9.3420     9.3441   3.736102   3.736275    450.823    243.877    238.329    99.6797 1.0000e-12    34.6792    34.6790      81751   3406.250         15         15     100.00  -44.11928  146.21968      13.77          1    1494.48    446.713     0.0537 1.3243e-04      13.77          1  0.000e+00
     9.3420     9.3436   3.736114   3.736294    450.823    244.443    238.315    99.6797 1.0000e-12    34.6794    34.6797      81752   3406.292         15         15     100.00  -44.11928  146.21968      13.77          1    1494.48    446.713     0.0610 1.3243e-04      13.77          1  0.000e+00
     9.3422     9.3438   3.736133   3.736325    450.775    244.091    238.297    99.6797 1.0000e-12    34.6794    34.6799      81753   3406.333         15         15     100.00  -44.11928  146.21968      13.77          1    1494.48    446.665     0.0610 1.3243e-04      13.77          1  0.000e+00
     9.3422     9.3441   3.736146   3.736313    450.823    244.086    238.281    99.6797 1.0000e-12    34.6795    34.6794      81754   3406.375         15         15     100.00  -44.11928  146.21968      13.77          1    1494.49    446.713     0.0610 1.3243e-04      13.77          1  0.000e+00
     9.3428     9.3445   3.736164   3.736306    450.775    244.271    238.263    99.7057 1.0000e-12    34.6791    34.6790      81755   3406.417         15         15     100.00  -44.11928  146.21968      13.77          1    1494.49    446.665     0.0537 1.3243e-04      13.77          1  0.000e+00
     9.3430     9.3446   3.736202   3.736406    450.823    244.087    238.246    99.6797 1.0000e-12    34.6793    34.6799      81756   3406.458         15         15     100.00  -44.11928  146.21968      13.80          1    1494.49    446.713     0.0610 1.3243e-04      13.80          1  0.000e+00
     9.3435     9.3451   3.736233   3.736438    450.775    244.070    238.227    99.6797 1.0000e-12    34.6792    34.6797      81757   3406.500         15         15     100.00  -44.11928  146.21968      13.77          1    1494.49    446.665     0.0610 1.3243e-04      13.77          1  0.000e+00
     9.3436     9.3453   3.736264   3.736413    450.775    244.250    238.211    99.6797 1.0000e-12    34.6794    34.6793      81758   3406.542         15         15     100.00  -44.11928  146.21968      13.80          1    1494.49    446.665     0.0610 1.3243e-04      13.80          1  0.000e+00
     9.3436     9.3453   3.736252   3.736425    450.775    244.454    238.195    99.6797 1.0000e-12    34.6793    34.6795      81759   3406.583         15         15     100.00  -44.11928  146.21968      13.80          1    1494.49    446.665     0.0610 1.3243e-04      13.80          1  0.000e+00
     9.3435     9.3454   3.736264   3.736456    450.775    244.086    238.178    99.6797 1.0000e-12    34.6795    34.6796      81760   3406.625         15         15     100.00  -44.11928  146.21968      13.77          1    1494.49    446.665     0.0537 1.3243e-04      13.77          1  0.000e+00
     9.3438     9.3456   3.736296   3.736469    450.727    244.084    238.199    99.6797 1.0000e-12    34.6796    34.6796      81761   3406.667         15         15     100.00  -44.11928  146.21968      13.80          1    1494.49    446.618     0.0610 1.3243e-04      13.80          1  0.000e+00
     9.3440     9.3459   3.736333   3.736450    450.727    244.451    238.184    99.6797 1.0000e-12    34.6798    34.6791      81762   3406.708         15         15     100.00  -44.11928  146.21968      13.77          1    1494.49    446.618     0.0537 1.3243e-04      13.77          1  0.000e+00
     9.3441     9.3456   3.736364   3.736438    450.727    244.273    238.171    99.6797 1.0000e-12    34.6800    34.6793      81763   3406.750         15         15     100.00  -44.11928  146.21968      13.80          1    1494.49    446.618     0.0610 1.3243e-04      13.80          1  0.000e+00
     9.3438     9.3457   3.736327   3.736481    450.727    244.095    238.156    99.6797 1.0000e-12    34.6798    34.6796      81764   3406.792         15         15     100.00  -44.11928  146.21968      13.77          1    1494.49    446.618     0.0537 1.3243e-04      13.77          1  0.000e+00
     9.3438     9.3459   3.736258   3.736475    450.727    244.088    238.180    99.6797 1.0000e-12    34.6792    34.6794      81765   3406.833         15         15     100.00  -44.11928  146.21968      13.77          1    1494.49    446.618     0.0537 1.3066e-04      13.77          1  0.000e+00
     9.3436     9.3460   3.736221   3.736519    450.672    244.250    238.165    99.6797 1.0000e-12    34.6790    34.6797      81766   3406.875         15         15     100.00  -44.11928  146.21968      13.77          1    1494.49    446.564     0.0610 1.3243e-04      13.77          1  0.000e+00
     9.3433     9.3462   3.736183   3.736506    450.727    244.266    238.153    99.6797 1.0000e-12    34.6789    34.6794      81767   3406.917         15         15     100.00  -44.11928  146.21968      13.77          1    1494.49    446.618     0.0610 1.3243e-04      13.77          1  0.000e+00
     9.3426     9.3459   3.736102   3.736456    450.672    244.450    238.180    99.6797 1.0000e-12    34.6787    34.6792      81768   3406.958         15         15     100.00  -44.11928  146.21968      13.77          1    1494.48    446.564     0.0537 1.3243e-04      13.77          1  0.000e+00
     9.3418     9.3453   3.735983   3.736388    450.672    243.869    238.173    99.6797 1.0000e-12    34.6782    34.6791      81769   3407.000         15         15     100.00  -44.11928  146.21968      13.80          1    1494.48    446.564     0.0537 1.3243e-04      13.80          1  0.000e+00
     9.3408     9.3446   3.735920   3.736319    450.672    244.028    238.166    99.7057 1.0000e-12    34.6786    34.6790      81770   3407.042         15         15     100.00  -44.11928  146.21968      13.77          1    1494.48    446.564     0.0537 1.3243e-04      13.77          1  0.000e+00
     9.3404     9.3443   3.735814   3.736281    450.672    244.208    238.196    99.7057 1.0000e-12    34.6779    34.6790      81771   3407.083         15         15     100.00  -44.11928  146.21968      13.77          1    1494.47    446.564     0.0610 1.3243e-04      13.77          1  0.000e+00
     9.3397     9.3440   3.735783   3.736219    450.624    244.187    238.187    99.6797 1.0000e-12    34.6782    34.6786      81772   3407.125         15         15     100.00  -44.11928  146.21968      13.77          1    1494.47    446.516     0.0610 1.3243e-04      13.77          1  0.000e+00
     9.3391     9.3438   3.735758   3.736257    450.672    244.165    238.179    99.7057 1.0000e-12    34.6786    34.6792      81773   3407.167         15         15     100.00  -44.11928  146.21968      13.77          1    1494.47    446.564     0.0610 1.3243e-04      13.77          1  0.000e+00
     9.3387     9.3435   3.735727   3.736200    450.624    244.161    238.171    99.6797 1.0000e-12    34.6786    34.6789      81774   3407.208         15         15     100.00  -44.11928  146.21968      13.80          1    1494.47    446.516     0.0610 1.3243e-04      13.80          1  0.000e+00
     9.3385     9.3426   3.735689   3.736100    450.624    243.763    238.166    99.6797 1.0000e-12    34.6784    34.6787      81775   3407.250         15         15     100.00  -44.11928  146.21968      13.77          1    1494.47    446.516     0.0537 1.3243e-04      13.77          1  0.000e+00
     9.3385     9.3421   3.735677   3.736019    450.625    243.905    238.199    99.6797 1.0000e-12    34.6783    34.6783      81776   3407.292         15         15     100.00  -44.11928  146.21968      13.77          1    1494.47    446.517     0.0610 1.3243e-04      13.77          1  0.000e+00
     9.3381     9.3417   3.735708   3.735982    450.625    244.269    238.233    99.6797 1.0000e-12    34.6790    34.6784      81777   3407.333         15         15     100.00  -44.11928  146.21968      13.77          1    1494.47    446.517     0.0610 1.3243e-04      13.77          1  0.000e+00
     9.3382     9.3409   3.735664   3.735951    450.577    244.282    238.229    99.6797 1.0000e-12    34.6785    34.6789      81778   3407.375         15         15     100.00  -44.11928  146.21968      13.80          1    1494.47    446.469     0.0537 1.3243e-04      13.80          1  0.000e+00
     9.3378     9.3403   3.735652   3.735870    450.625    244.100    238.228    99.6797 1.0000e-12    34.6788    34.6785      81779   3407.417         15         15     100.00  -44.11928  146.21968      13.77          1    1494.47    446.517     0.0610 1.3243e-04      13.77          1  0.000e+00
     9.3378     9.3399   3.735670   3.735801    450.577    244.305    238.223    99.6537 1.0000e-12    34.6790    34.6783      81780   3407.458         15         15     100.00  -44.11928  146.21968      13.80          1    1494.46    446.469     0.0610 1.3243e-04      13.80          1  0.000e+00
     9.3379     9.3396   3.735608   3.735807    450.577    243.918    238.218    99.6537 1.0000e-12    34.6782    34.6787      81781   3407.500         15         15     100.00  -44.11928  146.21968      13.77          1    1494.46    446.469     0.0537 1.3243e-04      13.77          1  0.000e+00
     9.3374     9.3392   3.735608   3.735788    450.577    243.878    238.213    99.6537 1.0000e-12    34.6786    34.6788      81782   3407.542         15         15     100.00  -44.11928  146.21968      13.77          1    1494.46    446.469     0.0610 1.3243e-04      13.77          1  0.000e+00
     9.3373     9.3392   3.735595   3.735751    450.577    244.254    238.207    99.6797 1.0000e-12    34.6787    34.6784      81783   3407.583         15         15     100.00  -44.11928  146.21968      13.77          1    1494.46    446.469     0.0610 1.3243e-04      13.77          1  0.000e+00
     9.3371     9.3389   3.735558   3.735745    450.522    244.085    238.201    99.6797 1.0000e-12    34.6785    34.6787      81784   3407.625         15         15     100.00  -44.11928  146.21968      13.77          1    1494.46    446.415     0.0537 1.3243e-04      13.77          1  0.000e+00
     9.3371     9.3387   3.735577   3.735720    450.577    244.065    238.237    99.6797 1.0000e-12    34.6787    34.6786      81785   3407.667         15         15     100.00  -44.11928  146.21968      13.77          1    1494.46    446.469     0.0537 1.3243e-04      13.77          1  0.000e+00
     9.3371     9.3387   3.735533   3.735714    450.577    244.263    238.271    99.6537 1.0000e-12    34.6782    34.6785      81786   3407.708         15         15     100.00  -44.11928  146.21968      13.77          1    1494.46    446.469     0.0537 1.3243e-04      13.77          1  0.000e+00
     9.3373     9.3386   3.735595   3.735714    450.522    243.889    238.267    99.6537 1.0000e-12    34.6787    34.6787      81787   3407.750         15         15     100.00  -44.11928  146.21968      13.80          1    1494.46    446.415     0.0610 1.3243e-04      13.80          1  0.000e+00
     9.3373     9.3387   3.735608   3.735714    450.522    243.838    238.263    99.6797 1.0000e-12    34.6788    34.6785      81788   3407.792         15         15     100.00  -44.11928  146.21968      13.77          1    1494.46    446.415     0.0537 1.3243e-04      13.77          1  0.000e+00
     9.3373     9.3384   3.735614   3.735763    450.522    244.009    238.261    99.6797 1.0000e-12    34.6789    34.6793      81789   3407.833         15         15     100.00  -44.11928  146.21968      13.77          1    1494.46    446.415     0.0537 1.3243e-04      13.77          1  0.000e+00
     9.3374     9.3386   3.735620   3.735751    450.522    244.202    238.257    99.6797 1.0000e-12    34.6788    34.6791      81790   3407.875         15         15     100.00  -44.11928  146.21968      13.77          1    1494.46    446.415     0.0537 1.3243e-04      13.77          1  0.000e+00
     9.3373     9.3391   3.735595   3.735770    450.522    244.197    238.252    99.6537 1.0000e-12    34.6787    34.6788      81791   3407.917         15         15     100.00  -44.11928  146.21968      13.77          1    1494.46    446.415     0.0463 1.2713e-04      13.77          1  0.000e+00
